760
688
324
385
883
98
997
78
45
977
849
106
389
88
835
642
803
786
216
341
653
607
824
923
796
858
427
120
41
484
683
325
128
962
52
246
68
457
450
444
301
219
228
289
574
765
634
491
581
362
211
944
353
61
726
410
932
380
249
980
550
543
395
969
441
109
840
971
425
243
153
314
565
966
802
845
730
718
930
70
881
855
641
975
531
422
265
37
508
761
510
647
20
832
93
884
132
490
961
236
418
114
374
738
599
257
308
780
440
50
652
475
4
740
681
118
313
494
40
43
229
929
39
416
241
296
549
724
213
411
811
626
926
373
171
624
233
758
856
266
247
988
995
645
963
611
737
178
682
823
828
447
732
252
220
372
842
640
112
644
524
1000
722
867
689
349
500
159
822
717
206
15
927
706
329
303
526
104
187
212
687
964
955
635
664
423
940
868
67
191
184
568
108
65
994
454
866
335
774
943
799
26
948
84
646
300
814
174
387
696
307
886
279
548
434
90
377
978
793
156
405
542
254
86
917
248
511
985
952
384
580
947
420
953
606
517
473
350
939
746
648
330
614
659
920
133
667
275
352
271
831
135
918
79
336
269
245
107
239
911
201
540
720
770
763
753
576
541
951
149
146
892
654
619
382
898
992
161
586
837
592
126
622
693
64
102
175
583
776
80
596
486
783
359
564
56
253
117
19
186
342
553
188
912
661
938
504
594
71
922
820
697
439
908
278
506
704
168
779
172
72
331
115
554
456
521
309
604
891
767
566
428
48
267
972
946
152
533
28
906
407
852
527
561
507
35
131
139
160
791
261
769
889
705
137
864
290
77
665
879
130
344
60
818
282
474
25
785
950
925
589
145
986
773
492
569
376
547
467
662
528
124
605
588
36
768
899
81
903
666
263
880
367
393
493
499
452
472
902
699
715
632
488
638
853
33
375
355
869
960
836
782
455
223
141
709
51
119
73
477
225
809
402
438
712
401
788
710
931
981
394
29
658
680
346
404
200
351
913
621
122
297
162
116
63
478
671
3
403
8
194
897
11
429
276
321
59
101
415
651
198
968
854
629
698
829
334
993
365
935
371
522
649
914
234
567
445
24
315
668
901
578
613
105
954
609
957
650
53
432
449
361
813
226
827
58
587
631
723
347
10
825
197
942
100
742
754
509
277
12
562
208
49
9
766
893
268
873
326
495
143
140
260
218
759
453
259
177
369
433
590
843
551
996
896
812
328
69
151
700
633
815
956
679
801
965
859
327
529
904
625
907
85
781
597
311
189
244
686
337
987
306
421
442
673
663
560
616
806
744
154
75
448
875
414
513
235
571
924
286
817
390
750
426
555
585
691
127
804
464
264
273
47
734
936
591
368
928
678
202
608
846
298
863
185
461
999
242
798
778
165
469
735
537
711
757
240
348
643
878
17
123
18
789
30
874
413
431
54
655
674
600
628
340
795
546
747
579
167
157
516
258
861
844
598
409
617
534
2
406
358
857
862
204
182
319
677
636
976
176
610
637
400
538
192
293
482
364
7
396
612
764
558
251
983
468
713
984
990
573
190
888
982
518
255
291
451
199
14
563
692
338
360
215
46
437
945
97
751
138
731
615
784
919
462
23
412
305
99
397
158
847
505
690
430
701
295
322
821
459
83
312
270
323
707
900
559
716
545
865
417
805
96
794
217
262
970
876
991
727
310
725
13
333
419
357
934
148
819
808
288
22
790
557
669
850
232
949
136
749
203
885
974
556
207
787
32
44
166
810
94
379
676
129
205
250
887
224
287
363
381
230
87
399
848
703
752
921
82
771
332
398
602
487
871
530
57
639
979
959
370
62
695
110
675
910
797
231
383
882
210
180
435
552
125
958
816
733
973
144
292
320
539
775
525
31
164
535
792
833
762
378
481
76
728
670
595
890
38
274
283
570
227
841
121
714
755
470
317
42
339
870
834
520
512
800
772
584
532
627
388
354
736
745
316
386
851
294
872
214
937
620
485
721
345
466
536
618
463
16
895
222
142
304
113
318
169
89
777
27
111
807
729
408
391
933
5
685
302
967
181
458
424
523
657
708
905
502
436
195
356
193
134
147
155
209
74
582
593
915
256
343
55
501
623
34
603
498
544
719
702
519
103
95
284
91
238
170
66
909
479
179
515
443
480
196
366
1
183
173
694
460
483
150
392
941
299
465
839
601
838
92
575
489
163
860
503
446
660
672
739
285
748
572
272
826
476
916
989
630
877
894
280
281
237
743
221
21
830
471
6
756
514
496
577
497
656
998
741
684