7652
8113
9252
5887
1251
4708
6577
1272
2930
7392
6913
4987
5660
4703
3270
4578
5547
7893
1660
392
5862
4695
5262
7468
6197
6303
2189
988
4038
8504
8232
8645
649
7020
4967
7147
6423
8984
2934
8397
5907
5199
4620
3324
8415
8343
7418
4628
4934
7559
7328
8758
8257
855
1402
5678
8271
9496
530
4018
6097
9956
1042
2744
9913
4589
999
9398
7012
356
1777
8348
305
4062
715
837
6210
4621
5430
5958
2824
7472
8010
3804
2052
2753
8541
5730
136
1719
4285
7961
4907
5715
2034
3248
6225
9844
4336
1896
7088
3496
9444
9567
3765
9812
2888
5496
4649
8959
7606
7166
480
4156
6847
4404
4627
3207
6116
7071
9637
2913
4846
5247
1619
4817
6763
3735
930
1222
2845
1516
2436
9304
586
2839
2927
2592
7380
2782
1605
6770
3100
9055
3531
7736
5910
4599
4548
3856
6508
7793
8406
425
9339
1450
6816
4435
4443
5050
7267
1595
9875
2949
6351
9002
6416
9829
571
1804
4343
8695
8524
4698
550
517
6292
895
5456
6761
9438
5316
3921
8455
7245
705
2652
9768
5605
8619
7254
2750
2848
4831
7477
6873
5903
9550
8594
8898
4975
6313
6439
8004
6187
9138
9279
2268
4080
8317
1150
4873
6331
2227
9710
8720
6156
902
7932
7692
6611
3904
8857
9850
6686
34
5186
4799
2127
5048
1952
3473
6707
8889
1434
6171
2597
4111
5129
3390
7597
966
9078
2587
5761
5335
2449
5921
2387
5797
3132
7180
2527
7955
3522
5274
285
925
4010
8328
3190
8569
7948
6409
6984
3788
1618
1684
2441
7332
4823
753
2064
8530
169
3730
5502
6874
8033
4001
412
9202
6661
4984
1621
3254
7710
8921
7445
4550
6505
1643
6965
7826
6723
6513
3593
2160
543
5412
7741
1892
6241
1295
3026
3171
5321
6676
9407
3648
3169
8310
5775
7722
4333
6264
9928
1284
5739
7056
4963
4138
8168
3417
596
7440
8045
9712
5185
6122
4836
4457
7686
955
4693
1212
7582
6737
6385
2763
6769
4899
754
3502
4369
679
3314
8215
7117
6211
6245
6793
9876
4494
9654
8550
6852
1095
73
8928
2000
5349
459
5464
9071
2322
863
4636
8891
4076
9389
2219
3495
2858
3136
1519
33
2890
6967
6415
7897
3768
1732
3816
3452
4004
3274
2090
4539
7196
4361
3280
5113
7058
4179
5599
1926
4530
5498
7281
878
1097
998
378
5982
7082
2038
2798
8631
7983
8258
6205
9329
9193
1801
7688
3180
3650
5781
8436
1191
7835
4529
9931
1709
8812
6366
7278
2048
8958
2192
8617
1225
6846
4252
8839
1806
6148
6910
4565
2678
5575
1058
2702
8779
9908
2083
6892
8158
5999
6875
3131
9647
2116
1600
3824
3509
7980
96
6091
471
6121
9795
7500
3174
6575
9975
9892
5089
7138
5751
4528
8306
7185
8465
2947
8676
4136
9417
7855
1490
3410
7976
4766
5809
463
9684
3120
8253
7013
5631
531
1792
8125
1344
585
2411
9894
7139
7802
5080
115
9421
2321
5162
9896
296
2560
3734
7
535
2285
5341
9391
3554
8511
830
3526
6134
8026
5813
9608
8744
1888
7066
1018
3179
3683
2202
1312
4566
7588
4407
2878
461
3678
2856
5969
430
7390
1275
7627
8454
8114
4941
1606
7264
4854
328
227
3215
8364
8576
1533
5493
5290
9777
7875
4301
4886
6912
6247
2342
9729
364
3260
4615
6027
5503
4515
7400
7356
141
7345
7519
8036
1515
986
8451
6642
1572
7969
2650
7146
5686
4994
9428
8385
7783
8717
2423
9825
9015
8856
2601
67
2162
6290
1735
5024
416
4162
5069
8011
727
7973
2904
6561
6781
6135
8566
1494
8340
3625
4630
746
438
801
8251
8227
9847
7705
5891
875
5420
1868
8242
6419
6259
3072
9406
3265
8774
6178
6765
5357
2875
8867
7699
8186
6867
5769
9622
7630
6983
9558
4895
9972
144
3565
3563
5271
3010
7173
3736
1539
1829
6625
2766
1855
3205
7689
1551
7308
564
9459
8008
9297
6811
8581
9102
4771
5477
4598
8160
4892
6932
4928
6431
4434
1217
1101
7735
7957
2084
2645
9633
4962
3105
130
2023
4414
2139
7763
272
785
2201
9910
8352
3278
4318
1929
60
9210
2569
2424
5446
406
874
6300
7598
13
6684
2915
468
1167
4056
9666
5288
2131
3892
3912
3240
1673
270
6638
7711
8974
7321
1291
8249
3400
7593
5205
254
3795
3220
9523
2469
9758
684
6545
7516
1688
4746
5179
3050
5758
8281
5224
9037
7879
9503
2358
7212
2442
6222
9368
6266
2472
1741
5409
5929
5777
6224
9022
6488
7293
8095
1313
6824
5449
2158
6468
6338
2056
6547
1985
7502
9083
5960
447
417
6138
490
6584
8291
3901
6803
8032
8855
4678
1383
658
6111
1825
5518
9423
121
7156
5987
730
9298
4958
9092
4006
78
6349
7660
4016
5058
4157
414
2146
5458
7844
9728
2534
1895
3672
2948
1495
6957
9760
9156
2041
8265
8165
4085
8743
3344
208
2940
7573
2862
6288
9902
4427
3837
6198
5345
7303
7599
890
7456
4249
4436
7506
3857
5746
1773
4237
203
5719
1722
9107
8337
8450
1013
6503
1667
3622
9299
7761
6759
5847
4860
7784
7335
1447
2504
9073
1227
2680
8497
5973
4163
3144
1775
6722
9218
3435
929
86
1708
1129
9100
4717
7213
4057
6876
819
7398
158
9589
4437
9921
2821
6250
2809
3052
7890
3497
654
4334
1215
8865
7585
9183
4212
5214
4712
6106
8776
5976
7684
4594
6040
3642
4813
7697
2801
3302
2553
4803
6950
5877
7776
7685
7813
2583
4796
3640
656
9854
6436
1466
2491
3325
7871
5215
403
150
8300
4253
5354
6801
9861
2037
7083
4923
5491
2250
5432
5429
6309
5530
3305
1856
3186
2475
3471
372
1626
9715
4154
1972
6395
2545
4477
6550
7256
5505
2218
7454
1860
1404
5565
8916
3771
9580
967
5591
9605
5213
2181
2243
6926
5679
4089
8599
4523
5297
3623
455
9386
5203
2156
818
6045
6987
9439
8302
1593
8649
4472
5144
4679
4516
32
1664
1969
9172
7612
1448
6015
9911
4007
5626
1403
3548
3228
7592
5425
6998
9145
1995
6327
3462
5531
5648
8722
2969
3952
2490
3929
7845
7946
8571
4031
6128
7133
9104
9899
750
4313
6376
6667
5314
8684
5726
3570
4901
1416
6388
4021
9185
5381
8414
255
6645
1763
1954
4433
8750
7723
4047
432
3943
1273
7241
7110
1655
6453
4248
8121
3085
4103
2980
6321
8216
9814
6387
9081
4559
4101
3624
1280
6748
4403
6887
900
8208
9740
9689
9448
9787
9652
1315
6214
3660
3311
1720
1059
6312
3852
7344
1265
9365
6475
1401
9841
362
7608
3202
1410
698
2802
2141
6721
4224
4125
7047
3168
3413
5938
1666
4779
1815
4432
7084
9031
5062
4033
8847
344
2891
4107
1133
6360
8243
1609
2354
3266
5642
7930
4673
2609
3111
9594
436
6557
6659
2886
8635
6043
7786
5996
8374
9984
5246
5924
9363
670
1477
7368
7922
404
4579
6907
1823
2885
3786
4266
3725
3743
9968
4743
9556
914
7617
3382
5045
1436
9396
7253
8677
7358
6181
5780
9688
3154
1901
1817
8061
3809
2223
8837
396
1136
8217
7811
6798
3666
8240
2176
5552
7270
8028
1137
2582
3512
8912
1380
5733
8445
8885
2723
4449
6110
9021
7311
7951
9285
5277
7868
8890
7993
4869
4218
8333
8795
8733
6836
211
2829
2669
3288
1055
7563
4383
1679
8834
5890
4724
1205
1827
1903
2666
1437
3686
87
3126
1951
5930
937
4194
1105
8982
8603
7480
2916
3747
3669
7749
4624
5445
9060
2353
8237
2548
2556
8962
6443
1348
4073
5060
2026
69
3811
6845
6455
114
1917
4359
2950
4585
4845
8708
8083
2571
204
835
467
6767
2551
8757
4926
3046
2113
8953
478
970
6814
5238
7805
2581
4236
8559
4953
6372
9711
3428
9303
7680
9344
860
6352
9479
6350
9023
9208
8256
9889
1878
104
3034
2134
6756
6533
7944
5011
1828
846
8006
70
5123
259
8736
5126
381
3157
768
9788
6334
6089
4925
1242
4932
8587
9783
8453
6399
9962
6186
9000
3235
1233
1249
1790
9674
9
8833
9722
6370
2283
8378
7247
6741
7737
7846
2086
5111
2755
9635
524
3918
5071
5618
7540
7583
7839
7965
2087
89
9794
4737
2613
9632
7198
3584
6599
996
5066
3890
7275
9877
5955
3133
8473
6812
7753
4276
5177
8663
9158
28
8553
2955
7916
3798
3322
4327
5639
8382
1084
4398
5334
4992
4732
5657
8673
8609
3239
3117
2524
3412
6878
5158
9946
8245
1441
9075
8153
3465
1081
3609
8975
6774
9412
1368
4726
107
1262
7713
568
427
639
4113
8719
7366
5943
1754
1611
4098
4505
4525
997
164
3886
439
7578
8371
17
5874
1543
9123
258
648
1883
8784
4149
7473
9336
6215
7960
1886
6594
3459
812
3036
7329
9673
1492
7522
1955
5047
4709
1906
1799
8661
4937
1022
9125
742
7439
2075
1962
1564
6943
8712
353
5476
529
6380
6728
5173
5298
8461
41
7374
9670
3616
539
4655
8236
56
3279
880
3875
4034
2145
3649
885
7499
176
5844
2733
9667
2896
2091
8517
4728
7639
8932
7232
2805
3597
7159
975
9130
4716
386
1360
6329
6673
9538
4736
1453
5226
9026
3383
2251
4933
2564
3243
4694
3777
3273
9437
8600
374
1349
9526
7721
5229
4379
5347
5228
7365
5856
3335
6044
2706
2024
1978
8287
3225
3501
2523
4360
6194
5540
4126
3293
6608
7543
6891
708
5319
763
8639
6544
1842
441
9864
5119
7953
4045
7748
6220
4137
313
6621
7672
1476
8366
6570
1255
6422
9253
7404
8139
7760
3364
369
300
2630
842
9629
6566
3938
2966
7575
6768
370
7970
7463
4200
4909
9397
9776
3970
3675
8015
4725
5740
3997
4244
5148
6328
8254
4943
6002
1768
4607
5980
8207
7744
9182
853
1899
4467
93
1986
741
2912
1086
920
1306
394
5040
2928
2109
7121
3647
9246
112
1076
6808
1596
1337
3750
9560
3309
6744
281
3594
8230
1758
3948
9042
4805
7949
9435
267
2869
2216
660
6333
3401
9802
2381
8369
9086
9242
4428
2314
737
5687
9201
6254
1612
5647
6904
4532
1911
4392
5507
2703
3343
7049
545
7523
6978
1004
8694
7791
1527
6531
3067
7968
6348
5200
5194
9098
8213
3581
2778
1395
4344
7789
2399
9223
7319
3907
4468
8893
3363
3083
9404
4757
6090
7029
5643
7151
6451
1915
7691
6287
4025
4692
6963
3203
2791
5486
4086
828
5592
8078
1549
5172
5965
1701
9366
2833
2709
1880
1858
8914
5970
1482
3729
423
7942
5644
4355
4391
1882
5736
6601
9621
9702
8732
1282
1531
6591
9642
6681
1096
2211
7525
7378
4949
4547
2807
3484
9483
661
664
3759
2540
1149
9753
4420
2978
4972
6383
5633
6551
2851
3175
4688
3158
7611
9259
1426
16
7023
5196
9319
8746
6444
6507
450
2343
3397
9266
2103
261
5211
2860
940
3104
6605
2895
676
7098
1518
824
7936
9687
5382
6604
4005
1007
2789
8118
5517
4423
2313
3985
1762
7537
1635
4180
7338
6105
3679
8942
9018
4371
3715
6035
9534
2713
2889
8993
43
8327
796
7414
9832
1874
4008
8738
8636
1108
7659
2295
2368
849
3849
361
264
8094
738
6699
1591
3557
5852
7384
1423
1661
6510
3081
9467
6498
8101
2089
7112
4870
3003
3709
9200
8320
4789
3447
7459
3739
8969
8137
2662
2435
97
542
2863
640
6923
6940
1285
2265
2121
4500
5860
4035
9263
8389
340
1634
8539
9805
4561
4912
2468
1870
6272
7637
9569
314
7169
5182
2392
6908
2508
5002
9411
808
4226
9488
2877
3800
2205
1020
3007
6438
5472
7740
7026
1451
6262
6367
6644
1289
8126
1196
9169
4182
116
7917
8498
4687
5378
9062
936
2760
443
9033
8174
8552
8391
4029
8054
6467
5589
9351
7415
728
4011
516
7448
2054
2304
5944
5254
1002
2677
7288
9933
5658
1721
5251
3887
8179
8413
7898
3183
4828
4046
5163
9636
3461
7272
71
8059
6053
4115
1682
4487
9539
4405
3766
4983
9895
9552
9915
7625
8003
1932
1458
9855
2395
2992
2626
9306
6120
4463
2281
9340
4411
8654
4861
4159
8949
8954
3130
2197
6865
6651
1614
5395
7354
6208
6001
1091
4894
8276
9016
814
5766
8041
3981
4756
8491
6839
4390
1942
5427
246
5082
3978
4088
8894
8944
6730
1505
8683
5099
4340
7422
7538
1908
5085
4935
9657
7263
7657
840
8926
1797
3262
8293
3223
7024
3863
8105
7183
6071
6718
9331
2375
4026
5828
1579
6087
7464
843
6953
401
5281
9316
2961
2312
5218
4060
9231
8985
8689
8316
7207
3384
2374
3853
8789
5220
7371
7300
6038
358
6400
7707
6974
2714
4498
1935
8091
9354
9714
9664
4722
7730
6868
2157
3001
886
701
7409
6548
1085
5738
6668
3608
8029
8195
4610
163
3605
1115
8334
8178
3352
718
4133
6042
445
5237
7623
8122
904
2632
2735
7853
3569
7542
132
5051
7131
7073
1301
5527
5897
7747
5133
8416
7709
9058
3971
1554
7307
521
7956
1012
4989
9502
7728
4816
5511
9742
6988
8203
7042
210
6791
6195
9129
6306
8449
2221
1697
5474
5607
7485
9139
7010
9309
9121
6514
292
1559
9695
5793
8821
3534
9671
1087
2832
891
3290
3945
9035
641
5770
8467
8021
2612
7862
6336
3561
2576
3236
7852
962
3578
2279
3883
1470
3718
9416
8181
5768
2069
7000
3463
5916
3895
5983
2498
5941
1140
3704
2195
2975
5718
6941
4849
2998
9870
9443
6449
2460
7512
4451
2792
5098
2793
8503
9571
2567
7765
7301
5661
3862
1939
4208
5265
6695
6884
515
3361
7077
8057
3954
4067
799
4396
7411
8164
1204
3871
3371
419
4209
5087
7325
3794
5110
4959
6265
4120
7219
6720
8272
2836
2873
2478
8154
3013
1930
9989
5558
9027
6086
3374
1396
6821
3839
9793
6549
7557
2859
2565
747
7658
3694
9610
7663
5443
74
3369
6410
9916
9863
652
2050
491
5688
5849
4927
5826
1077
1733
1977
3234
3249
1253
2830
1890
4913
1812
146
5543
2647
2078
1608
5556
44
8955
2082
5664
991
2646
1928
8285
1234
3980
7690
4512
1256
9136
8999
3706
5691
1989
9295
9449
2725
7018
8523
2066
4995
908
341
8901
4640
477
2270
5128
3840
2743
2237
3045
1824
8861
2465
2030
1001
1687
4119
5198
7199
7373
2215
677
3320
5475
9097
1182
7511
3191
5587
513
8388
9723
4317
633
9424
1866
4658
6857
6901
1026
4562
9843
3453
3878
898
3024
8963
829
553
4470
5586
611
9942
3116
4857
6299
5993
5905
8525
6919
4389
398
8762
1640
1250
4872
1730
8522
1051
8412
1540
8558
732
9578
6937
1126
1206
8710
2290
1851
7172
8076
9549
6698
8796
8634
2453
2665
3782
5680
6649
9463
682
2855
8832
3539
4792
8900
2336
7858
821
561
3044
956
8816
4763
5485
6088
3731
9247
7666
887
1213
1726
409
1757
5105
9490
1407
5077
5516
233
3385
9076
6307
626
5408
226
2325
2257
1374
1201
6023
488
7975
6620
3035
5596
8756
1102
6851
6441
8781
7571
428
31
6928
4826
5683
5601
8458
9477
380
6273
3639
7060
6248
315
8870
3182
6905
6100
8299
6158
8221
9533
8910
2659
7114
9991
8259
3812
4458
2663
4875
802
6305
1976
2207
8292
1573
7541
2085
5913
8370
3173
7679
4409
6961
1651
8432
2027
5370
3684
6500
9813
7574
2276
7295
7383
323
8456
9402
9224
6234
6819
2079
4166
3016
3532
3342
2865
4706
2995
2302
3676
1672
4452
4740
2578
4365
6070
8155
5399
2942
6639
6585
8424
5559
6725
9328
2559
1782
3006
6855
1224
3826
3692
1238
1064
6571
5170
9163
4897
6314
5168
9373
6132
6616
3510
5557
3930
8508
6750
6703
2426
4951
1330
2073
7653
3449
678
7600
5001
4611
9387
1327
9317
7995
6989
2841
3820
8509
3194
4235
5036
9959
8537
4997
7987
7677
776
6295
2053
8282
3728
352
4751
9510
6201
9699
608
5858
2362
871
2439
2697
809
9175
6
8319
3088
2902
1183
5984
9454
9469
873
2418
2574
4882
3129
1340
1168
7925
8481
868
1074
5079
9738
9862
8116
7447
5191
1674
3037
3386
8471
4663
9194
239
5441
2140
4787
3914
9648
2094
7108
3632
1417
4147
1810
5424
5217
5154
3966
8244
6773
25
2919
3651
2588
1706
4608
2599
3506
9446
1523
3879
4214
1487
6647
2148
9851
3872
1548
9668
1264
6560
4135
3741
2437
1079
3031
5130
5569
4623
4785
1440
5374
8700
5311
2300
9119
2180
9065
6030
9516
5416
3030
1294
4859
7359
6935
6125
1341
6226
1010
4167
6392
3198
4631
7963
149
9524
9293
5479
2621
4614
4282
8611
3145
5918
1760
1699
917
8448
3746
9617
8535
8866
6358
3556
2320
2415
8014
3752
4720
8620
4973
5387
2310
3261
1583
5778
5440
4690
9653
8127
4241
994
5590
3552
6646
7924
5225
4664
8718
1665
7260
792
7553
7433
8608
6239
8686
4657
8698
5393
7985
2315
3392
7090
3877
9746
5923
7036
6970
7716
8905
1544
5677
8290
9521
2795
7638
9909
4619
2724
5971
4645
9820
5753
4811
7821
6218
9025
6792
7076
8678
6339
1207
3536
720
1859
4503
3799
5561
1192
8018
2692
3698
4531
6663
7142
2684
4837
1867
7866
359
9649
9609
7437
2178
7877
7022
9450
5574
4363
2369
3381
624
3740
5467
8964
1912
5433
4039
2359
2413
5942
9440
3318
9111
4217
683
1048
3080
4584
2029
2008
5779
6209
6815
1745
5760
127
7650
8519
4499
9057
4889
1112
5741
5698
9429
9157
4104
9090
6527
6155
3896
3897
7096
5914
6479
309
8009
7884
98
4287
5451
4296
8177
9625
7992
7302
7242
4876
3143
1025
9350
5551
7801
8809
3206
4093
8379
4408
4269
1602
3972
8183
2286
4395
5145
879
9623
9520
6103
6942
147
5528
6840
1836
8775
2299
8540
7394
2918
4829
2124
6624
9973
6563
4215
8132
9837
6041
2958
6025
1175
4633
2868
7228
1290
9967
161
3014
5919
5309
9816
2159
1239
9730
5515
5363
9413
2137
503
6672
5690
9144
1065
7201
40
8871
650
2542
5332
8666
594
4540
8115
4699
4309
3101
7294
2531
6924
37
6739
700
2335
3617
6936
8360
9607
1678
3865
289
5583
26
2911
9455
3830
790
3974
1322
8518
6275
1791
2619
1818
1948
3533
834
3358
7292
6696
7590
7698
5823
4448
4840
2815
1358
6074
7751
2003
5538
7323
4250
2929
5729
3433
8768
224
2119
2690
1728
9222
7809
7386
8103
9191
1931
8995
4222
1277
4731
5566
3917
901
2657
3717
2443
905
6284
3283
9681
8740
6927
2797
5600
6207
1503
260
9919
5848
8927
6237
2781
6246
3858
7912
9140
8288
556
8846
605
205
8055
4496
4921
8992
681
6834
8951
7035
4784
7160
5807
6401
8735
6671
7210
6343
5681
1429
7107
9682
3241
2046
8080
20
451
7313
8780
4346
4193
3012
5401
7276
8808
8819
3075
8264
4650
7286
3423
3159
3440
8220
2288
8770
2206
9865
6827
6114
7421
5348
6175
1854
2259
577
4377
2837
7804
9958
7124
1032
5043
3703
7280
8607
6746
2287
3635
2058
6682
4090
5318
3307
2067
8492
4721
7423
8693
5939
9122
9226
8198
9056
1446
1517
8075
280
1021
983
7040
9174
7033
9190
6118
8197
5415
8997
3295
9536
9230
1040
8099
1370
8798
4440
8897
8475
5820
9553
1863
4552
5950
5147
752
2464
4145
1209
5461
509
4848
6578
7927
565
6944
3339
2398
6060
2648
7297
4734
6634
3224
7184
8830
2323
7984
7289
5707
7462
703
3494
2108
9445
557
1232
3208
5573
3841
3009
2482
6934
3347
6534
1582
8892
7724
2021
1547
1647
6540
302
6729
9891
6229
1276
6694
4140
1421
8643
400
193
8171
9311
3983
2422
8667
8690
628
54
7754
4982
5964
9003
6637
9011
6612
3661
4192
6465
1202
2451
7466
5712
407
5646
609
2989
6991
6099
5649
3023
1342
7467
4612
6047
2983
8460
1034
2561
6067
2361
1185
4616
472
3941
4727
3150
263
9597
6683
2608
11
6813
6757
9240
4586
7127
6064
7336
4054
6573
177
5234
1707
4277
4314
4385
647
1645
5651
627
9731
8082
388
4966
7566
6068
4858
51
5906
9517
4609
8043
9677
2391
8624
8771
1164
9207
7655
8402
958
5816
6204
2831
2143
90
454
9403
4114
166
9164
9046
7266
2444
8069
2759
6028
6282
5636
1394
7708
6745
4714
5637
8716
2962
7284
3276
1241
1662
3082
4326
8087
4132
4378
3844
7840
1898
8895
3549
1876
8098
3312
5055
3860
2040
5090
435
6406
7162
9927
8050
7769
6050
4484
729
1676
2404
5595
1999
5272
928
2871
4251
3093
4429
1031
7941
5659
3835
9430
5602
7081
6829
5882
464
9358
774
4670
6217
6261
8476
1737
8851
4950
5188
5886
6240
8723
9116
202
8924
2365
347
1235
420
2380
7331
2241
6807
3951
1945
4270
3596
9766
534
6766
9452
8873
6973
6985
9954
5390
7880
4422
673
512
9588
6061
9705
8936
1740
959
3499
3286
3375
552
7819
5935
1075
1947
2655
4639
4553
1902
9634
9918
4155
199
551
4495
8336
8049
1861
5061
5212
234
4970
2818
6869
5841
8341
6326
9135
4469
4669
9769
377
3355
4617
5300
500
2077
3438
7967
8980
6448
9482
4152
2739
1570
5419
2570
7486
4185
5512
9355
4130
9566
376
4170
8586
6371
9525
8844
3583
7470
8140
2291
324
2746
1761
3345
2016
295
2910
3442
9214
9751
3341
9887
2117
6124
591
671
6019
7693
195
869
1036
9732
9540
48
7746
2384
1781
8888
9039
119
3720
2535
4618
6506
7327
7144
7001
5567
951
2249
9059
2210
2674
4801
8355
7517
3189
5563
4942
9537
5371
1587
8452
3285
6838
8671
9323
9957
6971
1577
6127
2252
4042
5252
134
7768
5289
5073
8630
8250
4265
1144
9108
8013
8674
5037
3620
6426
9985
3785
3107
3772
938
2410
5747
6036
8085
108
9531
4491
1718
2509
4863
932
9786
3251
5327
7239
2198
3645
3054
7823
690
9756
3815
1562
4330
6613
3218
5737
2719
669
6418
7665
709
9447
1746
2289
9497
1574
6345
1963
3738
5344
4079
117
7004
1620
1452
4289
4591
287
6541
1024
2700
8411
4940
8564
3393
5725
1038
9133
9848
3591
9426
8025
6258
4160
6653
2510
3057
9749
1748
5510
5161
6141
3282
3258
6509
9845
7476
9898
6996
8345
5242
1071
2764
2480
345
1237
8404
4581
9080
5034
349
4158
4262
5236
7549
5331
5222
8173
2769
4043
7496
311
3546
2747
4729
6751
8311
4952
2720
6169
79
9559
3061
1274
2852
1100
8946
6005
9620
1331
5023
723
5421
9291
1073
4394
2880
7458
8441
135
100
6364
4557
8952
1833
1653
2711
1388
2780
1220
5255
2004
7836
282
421
9179
2062
8283
844
2922
3444
587
7482
6962
4930
8474
699
6713
3405
9431
2693
1057
5478
3714
4445
5052
1332
9066
3219
8933
7847
4295
825
3867
695
8100
2010
9143
5514
4705
3821
3432
8653
8190
4183
8782
1278
1188
1171
2653
3
4908
6094
1560
3537
7093
3784
9661
2186
8457
4206
4211
9750
6452
2036
5532
4462
4764
693
4742
8052
6627
5295
9774
449
4117
2598
355
946
3200
5100
3599
6096
9834
9105
1449
5484
2372
794
7215
894
3587
9998
5027
8326
6600
8329
6972
9269
1409
5101
4300
1355
5902
2517
8267
9254
4759
7891
6355
27
7738
3832
9693
5260
7116
4520
549
3259
2686
9302
7581
1028
5570
4306
1905
7703
8246
6024
3670
4686
9577
4399
1522
6450
3165
457
9314
8351
8239
5621
2825
751
1873
1390
1944
9871
2397
7928
4370
5817
9054
7651
3356
6999
6864
786
4660
6405
2629
6555
8737
1852
1501
9371
5785
3538
7333
6764
6154
4350
6719
8804
7283
4175
4750
4745
3346
3874
7857
9929
4847
7027
5819
9782
6482
389
22
5244
6322
6512
4412
691
5410
5093
2502
9420
815
5697
5109
6363
3626
303
9275
1352
3294
6260
9038
494
3170
9800
4108
3213
4297
8547
3631
2099
9501
2512
6565
1956
4446
1756
4075
502
5705
8551
6216
8749
9645
8516
7341
168
2035
5360
429
3984
3500
7635
9237
4622
9301
1208
8943
1576
2660
978
1894
5734
1218
7261
1364
6164
5850
5915
6221
4012
5195
2838
2452
582
1943
3993
3689
1131
9839
4774
3095
1334
9857
4280
4575
5617
3443
4417
4715
6323
2045
9838
3289
924
343
935
758
7620
9821
6861
4956
9512
8703
6735
5568
1499
6420
5978
2278
5957
4564
8554
2899
4168
5577
6964
5784
8613
7443
2055
9994
3138
4888
155
3870
5879
1424
9244
2575
3097
2765
7038
1830
3542
156
5731
5821
499
9036
2926
1154
2850
9663
9159
1598
2727
5892
8929
2603
7259
5840
2377
9004
9772
4974
4653
6277
6257
3481
8500
8048
8286
7834
9881
2993
2537
6317
4924
1566
5118
7729
590
4102
3134
1173
7406
8394
7375
5709
6162
9893
934
7348
9280
338
6167
4444
3940
7667
3222
1717
3973
7202
8315
6161
6825
5612
6231
9377
6421
3348
1694
2758
7719
9965
4738
5963
3959
4748
6490
5134
8005
761
5562
1875
5946
6413
7964
5304
5629
4533
8381
1871
6890
2258
88
9885
357
242
4666
7732
1431
2971
5904
6466
5625
7079
5286
7478
9739
4354
4741
1046
9691
8968
8268
3468
9982
6347
2174
4877
2339
2326
5103
6408
6609
6543
4735
8542
6166
7217
4554
5155
4522
2642
5190
4838
2144
765
6069
3485
151
1240
3825
2547
5329
1268
7427
7901
8526
5497
3033
1300
896
9383
826
8536
4651
5663
7756
9924
706
7568
413
9745
4590
426
6949
162
8223
4319
3885
2479
7493
971
7237
3790
9978
2494
1460
5650
2730
6006
3185
882
9873
9790
7560
2022
782
2355
173
1648
3226
810
5645
4945
123
8350
4402
7119
8641
8141
7656
4587
1174
2107
2751
2477
5454
6142
6515
1288
5945
7257
3137
5749
638
5581
188
2840
1153
8800
5534
743
8383
7087
6697
1712
7134
1438
5181
4537
3575
342
8090
2717
4511
8813
5346
2319
4290
2273
5696
8725
3387
2341
5465
6726
9949
8727
411
57
4387
8755
5364
8487
4696
6315
9868
8086
1104
7972
9744
7353
4770
124
8573
3429
3934
7389
9109
9465
6568
2946
8584
9471
7864
4187
4707
9781
6082
6133
5533
1703
8632
4762
2866
2234
2292
2269
3257
8133
5788
5799
1371
7177
3068
5365
3621
5526
6104
4099
9952
4821
7128
2513
4397
1862
53
7895
2785
2138
4944
9215
3646
2095
4426
8191
6628
6797
7067
3668
9050
2445
1506
9600
1461
9960
8956
6163
5560
6188
492
5673
841
9593
3721
2373
4568
2329
7227
1723
636
3787
4576
5522
947
183
3957
3162
7792
7881
888
2876
3391
1362
1785
1177
384
7317
91
1789
8515
5029
504
8433
8346
1669
2596
7706
1092
2182
1000
6689
6648
9069
7249
4905
8363
1469
5153
2106
6232
8149
3998
6754
3975
2296
9522
2963
1529
548
7474
6817
2327
6822
1628
8883
2900
5750
1974
7484
7820
6895
8428
7670
779
131
1795
8981
1261
365
2247
2529
4819
4177
8384
7586
5968
8626
7376
5830
3964
8002
9721
7416
9945
5535
3859
7424
1765
6458
6702
7701
546
2466
8102
2771
6546
7405
5702
7817
8967
7974
4915
2870
6190
4638
8263
8562
1742
1561
7167
2383
4430
5423
7444
9227
8544
9944
620
5312
3102
5953
456
7913
76
7095
2427
2419
3866
5838
4659
3074
3140
2070
5572
8840
5896
4245
3161
9950
1279
8035
3763
4438
7527
5122
5806
9124
5831
7391
8824
2909
4993
4106
473
1993
196
8648
8308
1479
1569
7269
217
6528
4238
7919
6881
4681
8361
4263
4003
1774
9332
1650
8072
9818
4052
3247
862
1003
6065
572
4063
7935
675
7377
2432
4946
6280
2487
8187
5280
989
7141
5063
4810
5585
4081
604
6564
8224
7631
2670
5183
1170
4536
9367
3360
8062
3181
2447
2740
5156
3127
8565
5529
7039
2749
5908
62
831
2425
6902
2495
1521
3691
9890
748
3146
200
735
4465
2519
6285
4173
1663
5544
9701
9679
1111
2264
206
724
3292
9576
6191
485
2171
2461
5320
1491
5083
2126
8420
6619
8786
7664
7306
2333
9582
2924
8427
3000
4493
9798
9233
5022
1937
1910
7011
360
5545
5684
3301
4911
75
9333
7682
1433
2042
191
8354
3448
1841
4502
3380
7041
1637
2136
5417
5956
2409
7054
7182
6525
6293
7498
7989
5376
2228
5469
9166
2563
6522
7966
4783
7556
218
7408
5757
9286
7236
506
5165
9557
3106
4834
8262
331
7350
9155
870
3525
1996
8747
6018
6340
2617
7725
1809
496
9400
3334
483
760
6687
6542
1056
3850
5837
3894
7649
6378
2350
645
5164
8365
2209
9840
7860
4095
2984
1389
7567
3680
5115
1393
3592
7017
8869
1067
6320
5057
2231
3008
2173
3987
9272
6051
9799
5064
2149
2834
5722
8879
3244
3087
5977
6832
1165
4489
1800
787
7211
9808
7841
3521
3797
7226
7605
1512
8367
2637
5685
5670
5802
4281
6417
5863
46
2965
7343
3272
4769
4844
5889
820
2280
8469
1317
7364
6107
7417
789
8241
2088
1656
5975
8625
298
8767
859
3043
6800
1113
2799
5107
8478
294
6150
9186
3359
7385
8037
867
3069
893
9228
6977
5597
1468
9257
7403
8593
366
1545
4635
8748
5413
8965
9596
42
6386
4661
5895
213
1198
5005
3308
3450
4906
2012
5140
9378
3149
1571
7369
8976
5284
7894
6747
2254
6177
5917
5379
2200
9382
4490
5940
2773
5230
95
7870
8699
9082
6918
1324
6251
6520
9277
2448
653
6238
9905
8112
4051
6278
6361
5142
5400
1751
5610
148
1497
1747
2316
563
6502
4257
1386
2177
7163
766
2638
1223
1805
1924
9866
3362
2357
2816
5392
4061
7591
2960
348
7757
5078
5276
8501
245
813
8305
6083
8763
7347
5995
3708
6456
9618
7130
306
3612
1172
5448
3564
6183
9554
4146
8058
6554
214
440
7910
6805
4752
5104
6126
9815
5315
7518
49
6530
1766
8706
5857
7330
7601
1146
5377
6519
4739
9347
7673
7546
3508
5264
4475
1994
8490
1641
8496
6929
1558
2230
9126
9473
5167
4880
1425
326
9947
811
8235
5206
2294
8068
1015
2882
2224
6497
6402
8701
5925
1966
2330
317
4460
5026
4572
4278
1535
5231
231
3558
592
6632
4165
6677
528
3595
9141
495
8161
5743
3963
1483
6244
8876
6844
9077
2784
5991
5619
2633
1771
8994
6806
2931
8591
3516
537
6174
1659
9529
6230
4220
8202
6981
4240
6039
7111
600
9096
9433
7025
3445
6398
308
2429
7092
1796
5235
2486
977
7349
6593
694
749
7634
9882
1037
6958
4733
6412
3851
3868
1286
4672
2334
8588
8852
8909
5006
7204
919
6516
5523
2872
918
8945
7434
7397
3880
8307
6486
3992
7954
3796
839
9359
2402
2846
3818
1283
816
2142
8495
7465
8583
6518
3135
3711
595
9234
5771
8622
6095
9518
4058
7057
9601
4202
6758
992
3528
7168
5282
9451
8297
5351
7014
36
6712
7587
5623
8067
6382
1041
9341
106
4839
3518
7720
2133
1120
883
7044
6235
6888
4583
2187
2618
3237
1043
4990
5553
7062
5708
8145
9680
5894
5116
3881
5628
7305
3125
5209
7521
1850
9032
9409
7052
8534
612
5008
7940
4196
2151
4647
5717
2317
5422
9587
9040
5383
6129
7154
9672
9733
1921
83
4293
9616
6440
4322
5620
995
7779
6691
5933
6059
6381
3819
5019
8672
5081
2752
3774
2710
3333
8322
6219
2332
9327
2349
1594
9024
6302
4294
523
7396
6880
1657
8601
2238
1991
5176
5455
7150
2847
434
1957
8252
8670
5059
8185
9709
8148
2814
6113
9823
3601
2338
7986
6140
1252
194
8410
984
1307
3761
185
7807
9748
189
9762
9284
6818
5622
8040
4243
3172
4600
5068
5438
5197
7902
8868
5676
9809
4055
8908
1772
8849
1053
4991
6826
7564
8563
6165
9704
4023
3196
8192
6289
8209
3216
7370
8665
3027
2253
4563
9380
7596
4667
5483
9048
1047
5366
5966
4677
5759
6430
8073
7794
8396
913
6180
922
1148
198
2014
9541
2685
9385
4009
8604
2968
1365
6434
4538
3291
5404
7896
6022
9659
3395
8880
9064
7712
5056
249
5694
6738
686
6026
1039
8825
7122
2543
4176
85
8338
848
7872
2694
7920
9474
6478
2400
8739
1124
3884
1467
5046
547
5951
4521
9282
4662
3889
7223
8788
5302
8990
5994
7192
4567
2772
5407
2590
957
3056
3015
6586
4560
1125
2009
3110
4682
2906
266
8019
6461
4216
8053
4255
9167
5855
1820
1066
4648
5359
9901
3151
6470
5072
3178
9348
8470
845
5672
8947
5127
1254
3969
7381
2382
8546
7120
3982
6879
2654
8568
6893
5402
7883
9095
1309
4914
4613
9414
7412
1027
410
1308
643
1384
6587
8662
9251
8204
9826
1107
4593
1787
8930
8439
8787
599
3722
3999
9313
6580
2408
8233
7900
3103
1622
9900
3665
3827
3451
6897
8633
7216
4606
4050
8918
8484
6843
9152
9044
892
514
3053
1524
1359
6213
8070
6788
1219
9010
45
3707
7572
6731
1281
2020
2620
7002
3760
9676
5285
803
7580
4976
1128
8480
2405
8034
1918
6437
2080
6572
7246
5588
6267
4424
6063
5630
3055
5149
6084
1166
3049
8039
5854
8863
1243
827
4543
3263
2440
3823
3431
9195
2602
2681
38
4807
9858
3123
9273
2262
5434
8261
178
5
6553
2246
7471
2822
2401
237
1731
9008
9789
9943
7285
9153
1147
6762
6236
6837
7181
507
721
6081
113
322
2272
3550
9196
8644
2622
7509
2167
4947
619
6633
8212
4501
6151
4814
5928
5350
9504
236
3598
769
5776
1017
1556
6062
4271
4273
8356
4267
3924
9599
7357
2072
4128
614
1444
1033
5466
540
8298
4234
184
6433
1725
3773
1157
18
7148
5143
1683
4364
6281
3148
7602
8349
1982
578
4382
7355
4719
889
5473
3723
4109
6960
5634
554
4800
2297
4068
4782
2640
4920
4356
3306
2843
1159
7170
1510
1098
2068
4320
7904
617
1471
6407
7850
2007
482
8200
5506
1879
7393
9561
3607
9595
4948
5041
9856
4527
7676
9727
7028
2063
2256
9545
5728
680
9212
5827
6662
6986
3370
3628
368
5949
9719
9506
3076
4718
944
6643
5765
6782
9265
3861
9542
4072
7981
3515
8886
2130
2363
1199
5550
6394
731
9260
1973
1509
4518
3420
2324
4482
5548
9583
3535
8560
5594
9456
9734
704
3905
5468
9020
145
6711
5437
3167
6054
1654
2649
2309
3636
5373
5989
3071
1351
9547
8729
3488
9573
1923
7194
2463
4767
618
2897
7952
755
9830
7234
5870
6925
5829
4904
4595
1803
9980
9334
5786
6538
933
3979
2864
6223
3211
5086
9590
5375
3603
4380
9804
9422
3946
6499
7934
8628
7696
383
35
1339
6396
8802
1411
3267
4341
2459
493
1488
8815
7337
2153
5812
7647
1502
3332
2386
5998
2028
7075
2450
8595
5294
6559
8273
8983
1184
8911
756
2135
8289
3153
8479
4466
9294
4315
7251
7340
4459
9494
8826
4965
2214
7569
3614
4201
4592
1008
2936
7487
6997
8799
5333
9308
8989
1454
8444
4820
899
1493
7258
6149
3039
7694
7195
4969
128
3629
7548
3562
6931
1158
8447
784
6429
6252
3245
6850
1089
7360
103
7438
2972
3529
1333
4198
2092
3697
3498
4303
1658
8848
6474
9229
5273
7998
2812
15
39
5317
6938
3955
8913
4013
4190
6576
5735
7101
9481
6755
1710
3028
9466
1297
6316
9879
6411
7629
7051
3201
7279
1123
3407
4091
476
9085
2580
2345
9436
5452
7455
4203
142
1553
5611
1152
9565
5638
1323
6795
4036
7214
10000
3058
4150
159
8390
8506
5542
7636
4256
6170
972
7115
6493
1439
2150
4597
2331
1211
6582
7322
6117
1983
5499
6752
174
2835
2623
9493
6733
4818
4603
7446
1552
8765
2695
712
601
8629
1190
4570
5668
9268
4070
6951
1406
1347
2779
4898
5704
3748
7221
8903
7771
833
9836
5033
1832
687
2356
4794
5436
7742
5880
5397
6344
6377
8614
5253
9604
63
6532
3142
4105
5322
7545
6606
3303
3652
8939
5330
4573
7816
2458
3504
8438
716
2679
6670
3864
2956
215
5671
5952
1314
6146
6658
6535
7908
7755
7053
4580
3733
9241
2051
2726
3572
4506
6862
2721
3702
5492
7833
773
1891
6947
9692
1106
7555
5794
2071
367
3644
1318
6457
6652
6000
662
6484
7933
4413
1464
4535
7624
4261
8638
4207
5932
8295
9147
6939
4754
9897
9206
8858
6460
6368
5267
7535
4017
1671
4654
745
1263
5414
29
7401
7426
8393
7508
9803
8850
9335
3571
9941
6034
2385
4483
1366
3842
1044
851
9094
7372
5470
9361
4342
1844
606
6233
6037
666
4632
9940
7977
9030
6863
9791
8
9043
6602
7869
8793
9150
301
3633
7197
8359
6077
5899
9432
4366
201
7143
3541
4425
4
5388
780
5865
7536
8255
1589
511
3802
479
9831
1843
7603
538
2467
6055
7552
307
5866
1486
3517
7772
6228
5418
9007
2996
5521
7678
8521
7615
1459
2614
8548
9810
6955
9381
8108
5752
4701
1179
4668
2267
637
2941
6835
7646
1884
5369
2901
9708
4129
4479
5120
2112
581
4153
14
5703
9001
7048
3430
9842
6283
9137
3487
4362
1345
7758
5791
4066
6517
7520
9801
5362
740
3152
8675
2364
273
1320
5398
8578
1145
9508
5632
319
3753
5606
8222
8996
8957
9665
3530
4843
7874
7231
3524
4555
5108
560
3139
9184
9995
2861
3378
8422
9353
9907
6614
8987
8822
589
939
8773
5745
4223
8940
6581
8314
3250
7145
5223
2708
2520
1118
533
5175
4141
5361
5509
3063
9288
8109
8144
1504
1816
7619
5990
3902
3160
4195
9264
9602
5674
3655
9638
6393
1080
5171
8570
9487
3403
2481
2416
6787
9198
7091
7205
5667
105
7089
3574
2526
5117
379
4961
9690
5065
7402
4339
8843
4968
7628
1696
5962
4680
4291
1778
3690
1885
6311
1127
5864
2065
7050
3627
4478
9591
3084
7762
5152
1919
8950
9935
7947
7837
1248
2668
3209
1846
2179
4602
7152
4471
5189
2698
1373
6173
4903
5310
3059
9961
8205
5616
7726
465
7191
7589
1599
9063
9337
2152
1367
4283
7488
4286
3910
9757
3567
7505
5525
332
6032
9640
7609
391
4795
2635
3253
1750
9271
5615
2944
9132
4121
7745
1565
8089
7626
8640
6665
2102
2505
7171
462
1716
3424
3353
363
235
4254
8425
7551
424
4486
2774
7032
1776
4497
4790
7731
3018
8431
265
1422
6021
6092
1420
8709
5763
1646
5358
7926
277
4188
68
1960
2306
9737
2754
7005
182
3695
3062
466
7136
2973
6914
2005
2696
4867
1484
2917
9555
3396
5682
8368
4689
7715
9990
2047
4000
9716
6968
4955
2337
9725
5554
154
8468
2705
4979
3300
4833
1270
9034
8621
8134
2175
7888
7441
2164
6203
9651
4181
1961
9274
4186
6692
6629
4652
2430
3421
1496
5920
6796
949
6802
5132
9370
6390
3354
9964
5804
286
5487
1793
2624
1724
7080
4768
9562
931
2943
7539
6263
5243
2015
5959
9393
7885
244
3618
5524
271
1968
4510
256
8358
4629
1226
4710
3419
6487
5031
243
1419
7271
1767
5076
7988
6749
1907
4939
1045
5701
3590
6341
9225
5325
5035
7074
9869
1162
3906
5386
1356
7718
575
9698
7045
6046
8092
6029
3025
6511
4815
9131
9238
50
3079
6414
3988
3654
6562
4097
9258
2394
5640
3838
5541
8842
3416
8760
2434
5342
6464
3475
5772
1958
8545
6078
1257
566
7161
9631
793
8228
9453
133
6192
4348
9611
5868
5843
588
207
5911
5721
8001
9822
4338
9586
7632
7483
2476
9093
5872
4308
3437
2503
9543
2903
7640
3513
2586
2431
6899
3242
1430
6990
5888
1914
6131
1967
9570
6009
6447
299
4191
8020
4781
6685
6709
2813
5157
4151
9527
7262
152
2260
6993
6693
6660
9660
7155
6842
7788
8872
5654
6012
1109
8556
8442
6445
7174
2682
2549
2734
3814
7203
6212
8407
3086
3193
7859
8392
2997
9089
6883
9997
2991
3671
8128
7621
5249
221
4337
4358
7085
4488
3664
1520
1311
2239
9880
7909
1904
3687
6136
9878
8266
225
3326
24
8884
4827
3756
7382
8129
805
6909
3994
1316
3514
8104
6669
9442
6715
6841
9115
2661
5792
7367
1069
5299
1980
2761
856
7118
6301
9401
8991
2220
4027
927
6481
5030
2454
2370
7461
4514
965
2745
1590
4352
9675
9408
9289
1714
3801
3916
625
5845
187
5014
3803
1685
973
1500
9824
3409
3492
7795
8922
6831
5406
5675
603
290
6294
7863
1877
7717
2403
4822
8485
979
5308
9375
3634
8206
4798
4596
1260
2456
3474
954
907
2154
5564
7905
4228
4421
8332
5653
8225
1526
5714
5748
6992
268
4112
2096
1770
8107
6666
4809
9904
3256
4549
431
7882
710
8761
1070
3089
7943
3805
8543
5275
8079
657
1811
437
8400
8056
9849
2263
8520
3547
5926
8637
6889
8189
8618
7544
7674
9236
5693
866
2493
692
3047
836
1889
9835
8769
4100
3953
1338
8430
9981
4124
3719
3070
941
7815
1581
6640
4032
3330
5641
1132
129
3913
791
4199
3965
1538
1138
9859
3540
4239
3252
3696
6202
3968
7399
3351
7268
9379
6574
8691
1321
7824
7432
1287
6886
3098
3582
5356
4161
3155
1475
3176
1857
9318
1597
1727
10
961
3527
5131
2555
8280
4866
4288
1603
7342
3466
6775
8845
5695
8027
5279
8278
4519
9697
5202
6916
1998
2762
5240
6480
4891
5094
2704
3688
4626
8130
9867
3372
9012
4788
9390
3177
9019
5136
2128
8726
2979
2043
8437
4205
7838
2147
6496
7113
5555
3271
8734
9256
2229
5822
1485
2328
5326
9656
4473
9324
948
2217
8157
7186
6920
3439
2827
4084
5159
4644
5876
4144
2388
7979
607
1269
8920
3141
9932
5500
858
9507
8023
9817
1121
7273
7851
4110
6473
6357
252
1103
7274
3990
1474
8907
262
804
5444
4143
498
7187
5764
4419
3434
4416
6501
960
5656
4971
8783
2716
2118
7346
2212
642
2060
7739
6598
3340
47
2183
4765
4048
5972
864
9584
6948
125
7277
2775
7070
3042
1151
5724
5257
5336
1997
8561
6206
9606
3316
9270
6494
3764
1329
4806
4321
6995
6626
6954
9415
6504
4331
9914
4812
4311
7229
5096
2611
8193
6404
7929
9243
5013
3004
6933
475
8131
3769
597
2625
2105
4030
8532
6298
5180
7528
1400
448
2952
1909
697
9771
5859
3519
1513
5353
3712
4641
1336
8380
3808
2615
7425
3967
4264
3995
4065
3920
4325
7016
5842
3935
2566
9872
1753
8977
460
6442
8135
7388
4802
5488
2970
4305
6820
915
3319
8904
9052
8978
6641
9939
2371
5054
469
1631
5580
5124
8060
3457
6896
6701
3791
3188
6589
6854
8084
8188
788
5869
2770
9778
9013
9213
7822
3836
4367
9752
1385
8147
7773
7832
6072
7420
7233
3287
3108
7614
7743
8012
6523
6596
5396
4634
4049
5150
8395
1627
3233
2516
7825
2305
9603
8399
8656
3699
241
3751
497
7812
7831
6013
6308
8647
8423
7907
1705
4896
1987
2933
3227
5313
9626
2483
3238
1481
9478
7410
7829
2959
2562
6588
7137
757
4307
8176
8923
9639
2166
2057
9079
1110
6705
6736
5248
2499
536
7178
6335
1478
7243
9747
3464
1161
4556
7962
487
1435
6003
9923
4077
3908
3961
6526
8219
2110
2
823
3275
8814
1009
2282
4825
2767
7780
3017
1114
2914
4916
297
726
9041
2849
2240
522
2935
4431
3187
2826
5088
4545
1592
6157
5878
2884
7106
6007
7059
8175
976
5713
3882
6706
8024
5482
4131
7489
4893
2558
9694
8499
6310
8627
8828
8567
5818
5245
7513
1881
276
1794
8077
7514
9492
9113
8778
702
6374
8557
5293
6101
2393
9219
2584
5815
1050
8836
1130
9103
2731
9322
9630
4808
1744
3956
2577
8514
9988
1613
2533
2689
7530
8483
7830
7164
2898
1005
1310
3807
7068
8838
251
8331
8493
1193
6137
5411
5241
9441
4684
1610
327
990
5811
9658
7457
7531
7991
5201
3903
2651
1680
61
1456
2213
3641
1445
5338
3977
4998
2344
9410
1563
8274
7431
3577
1387
5689
2470
7534
6119
2627
172
350
8925
8342
4480
9392
8156
9261
3615
6906
1457
3022
3846
5787
7104
4453
5323
4777
6724
9209
186
1644
3776
8016
320
3847
8669
1798
4862
1052
2351
4842
5038
4019
2059
8309
926
8791
5000
5250
6172
7775
6353
7099
3414
6297
8372
5239
2194
9592
7923
555
2097
3118
7046
1585
1692
7798
3091
3545
2125
2497
1567
2732
4851
446
7003
8585
4172
102
8915
7407
5368
3357
8081
6056
9612
8972
3667
5075
9986
1814
3455
4760
980
6073
2585
7490
2226
6296
7312
5384
9178
2605
8377
4569
9755
8482
5146
2594
9072
4275
2049
9476
8143
1837
9171
3060
1197
9754
8373
9953
558
1203
8260
7429
6734
7661
6799
4865
9250
5931
7129
9546
8408
5385
9720
1617
9683
2123
1550
7618
7764
3653
7291
7903
8785
1141
5825
3321
160
4856
3470
3255
2783
7351
9099
764
6130
1819
5259
6552
2636
3986
7481
923
2111
4332
3482
2074
7097
9579
9325
8711
3480
9780
783
2541
2658
209
7849
2001
7061
6579
1139
111
2525
1734
2923
58
7031
3762
9326
6794
5460
3726
5232
3163
7475
9170
8201
385
5898
9376
579
329
8502
5017
9613
139
7648
6898
2352
7799
9203
7034
1134
3402
7681
7668
1616
5269
1729
5018
8248
3949
5782
9197
8818
7752
4260
5015
1668
2081
4878
6369
1376
1463
3806
4507
1319
8806
897
6603
8811
1786
8988
2244
3600
9009
8579
9199
6704
4441
6655
9192
1194
7218
3947
9162
1853
4981
3637
1568
668
1887
7616
2114
1200
2736
248
3299
5283
2893
9619
685
1328
3845
1176
138
4852
8335
4868
7526
9614
2013
6877
4335
9735
5613
1916
5539
4357
405
5537
3472
9519
3376
8966
7497
5783
1405
5513
5727
3893
2606
8096
4071
9726
6243
7225
3523
4400
9530
4643
1082
7240
4373
354
2347
6921
7906
6994
5084
3989
2857
8575
6176
9173
9312
1546
4551
1695
2892
3780
8803
9458
9806
3373
4749
9134
2501
3032
9188
733
5839
8513
5004
6771
8269
453
1465
7767
580
6454
1489
2854
7950
180
9685
7126
5603
2925
3891
644
630
6123
2985
5582
4918
1633
7507
5988
8151
1677
110
1399
2920
8409
6556
8318
4024
2492
8120
4368
719
7030
9151
1604
8973
3789
3900
4931
6607
336
4474
881
8538
9509
7501
1014
7669
1443
6182
5266
7797
9528
1361
1266
8582
4922
2507
5097
8742
8142
1632
4347
9922
725
544
9296
8979
291
5754
7102
798
1636
8000
2921
1189
9235
6679
3195
5593
8167
8623
6112
9425
375
5927
3685
3611
9974
3192
4791
6354
8702
3298
584
3011
5270
1326
23
5579
8234
4246
415
872
4675
8296
2683
9180
1062
3406
3349
3630
5584
5884
950
8935
1119
72
2348
1244
3681
1011
2006
5457
1759
1629
8971
969
6471
7453
8753
4384
9049
2810
4225
8169
6179
5135
9384
7687
6777
5139
9641
4786
6076
2776
1418
1375
9146
2957
3962
2874
7419
9232
9087
418
8598
3281
6337
7043
2376
4164
795
8182
1831
1934
1988
5210
2557
8138
4656
2664
1670
7149
8097
674
3296
1900
4957
7867
2729
6732
4492
371
4229
3020
171
5608
1802
2518
4758
8124
3742
2887
8017
3792
3331
120
5974
3297
3389
1180
8741
5706
7310
2820
3476
3366
6286
8572
1228
1949
8218
6144
9970
1299
3727
622
3073
1779
9535
6485
2293
1187
800
982
1135
1536
1169
7554
9460
3656
6656
6196
5021
6903
3996
6184
3041
6848
1061
6885
5042
5003
3021
3038
7827
7671
4406
4674
7633
4439
1068
3493
4074
688
7550
8462
942
7770
4329
8948
6615
9759
9070
4691
274
532
7304
4258
3710
1615
7132
857
6391
8440
5296
3328
3029
2589
2591
7561
5016
3323
8827
9345
5762
6031
481
3122
4142
7594
6870
5604
5519
1181
2236
3876
2018
2905
1752
4353
4316
7595
3543
9966
6425
861
7622
3197
5692
9544
4582
7662
3925
8065
304
5233
6716
170
4546
5710
5137
985
2248
3212
4713
489
8123
7803
4544
2261
4272
4094
2867
9290
8817
8064
6346
778
9330
2318
2462
762
2044
9106
6291
2986
6469
3677
4298
1715
4082
1415
5481
1353
3566
8136
278
4761
1216
2061
1088
1480
92
5352
9181
2367
7654
334
1304
9883
7320
6058
5774
4328
9205
9074
6332
9255
8152
7315
7190
2722
2756
6004
8111
1686
8687
9475
4020
6858
4508
852
3408
7326
1090
7055
6636
8063
4542
2188
2275
1302
6631
393
3338
6477
9017
8864
7887
1117
1408
6010
9936
501
3754
8211
527
9797
2768
8426
5125
9819
9006
7842
7604
7188
3096
9217
6014
422
2938
8007
5936
8417
64
739
1160
7750
82
7361
9343
4304
6189
8324
238
8642
3939
8418
4454
2673
5278
6980
1442
9204
7777
9999
2712
2204
2945
717
9462
570
4279
1093
1428
7094
7430
8472
5885
8403
1343
9860
8961
4985
6785
2595
3310
7193
906
3221
1292
7782
6427
3304
279
9489
6610
3942
3210
6590
6776
7876
2937
1788
2471
2308
9628
8860
452
9993
806
3932
2002
1693
2573
3643
5598
9779
4996
3246
1267
6403
9811
5720
6915
2484
1689
8721
4204
8574
109
7250
5495
5536
442
2844
903
5380
3489
7533
635
1350
3002
9951
7491
5742
3663
5732
6160
9161
1379
1990
4601
9773
3662
7176
175
1807
6688
9362
9028
5614
8386
3573
7532
1305
8510
7298
3770
987
8606
8592
9321
6270
5355
3944
8275
1834
8277
5986
5489
7759
7558
1738
3700
52
1624
4148
6098
2098
1221
5571
5439
8421
1381
8651
5028
520
3585
7065
7843
8745
9427
153
968
137
3065
4178
3441
631
1245
8906
99
3109
4917
5546
615
5796
2738
672
2954
2643
4574
1178
7810
3568
9598
1525
771
5221
7565
9515
3214
4464
486
7324
337
4127
7704
1700
1298
9160
2521
2552
6268
3469
2301
5074
4711
1607
1530
9955
4890
7996
8602
1412
5901
4778
3732
3156
5810
6830
6760
9245
5835
2168
7206
6654
5873
8580
9925
7435
3767
4242
8459
4442
5756
6446
993
5871
4879
6959
9176
6079
526
1236
7413
3422
7314
5151
6780
3775
8375
9053
9551
6249
6853
4929
8353
7287
3933
2894
7914
7503
5985
7235
9047
433
9736
6833
1303
1413
8751
7395
2163
646
6153
4884
1601
4210
1736
3778
9310
2129
3936
3377
8754
8688
8697
8657
569
9765
6159
7702
7339
7072
9724
2122
4171
1049
5744
3909
7238
318
4064
1083
6823
7579
4230
5875
3090
2634
9977
9470
518
5767
143
6147
8919
1575
3367
4980
7296
3779
7873
6922
8615
822
9575
2255
3113
8166
1542
8934
6109
3822
6882
8931
9696
736
2977
4041
4450
5287
4299
3586
4078
8321
4723
2881
8704
4509
4069
8150
2707
2284
7495
8681
9248
3520
8596
6319
9662
909
397
8650
9399
7856
6529
325
3128
7899
5389
8960
5141
5049
5755
4824
3560
2457
7547
1293
3064
1964
5883
5204
5372
1035
9669
6483
9068
7179
1783
5881
9500
7224
9372
8759
3490
651
3467
9969
3511
9703
7008
5435
8214
3427
9574
1864
5635
293
1588
559
1971
4871
7848
6583
7230
1849
55
9014
696
9627
8724
3229
9976
9917
8805
5025
7208
1623
9305
3112
3315
8464
777
8764
877
1743
2235
1099
5836
6678
6428
7774
4219
1498
8874
4534
3404
4683
593
7209
3394
5012
781
6872
2311
6463
2271
1755
3931
9643
974
5934
4841
122
2170
5339
4259
3277
5992
4588
7078
854
1155
722
8986
1229
6849
6521
4772
6199
6080
9418
2390
2438
1473
9320
9220
5937
711
847
4864
3230
2298
6200
3460
770
8605
7886
3899
5394
7861
5471
5480
2939
4954
3915
9983
5851
4302
5700
6595
9485
9498
140
2988
5009
689
5716
4092
6017
916
8877
3365
2100
4174
9187
5208
230
2536
9276
2644
9828
9499
5092
5846
952
6491
6866
6714
4374
6539
3744
1580
759
576
7695
4830
838
8555
3606
1392
9963
5909
6330
223
665
5669
4978
5306
4887
6168
1649
3184
9360
9564
7352
8507
6145
5912
3454
1
2879
8044
2808
2628
9395
9352
6397
4221
1472
5967
714
5549
5112
1984
8610
3757
7945
5494
5405
7607
6342
4804
7362
2366
5340
373
1078
573
8529
8835
8247
5431
2514
5053
4960
390
3781
3610
2639
5032
9029
6033
4284
6946
7800
8616
4835
5655
4386
1528
6597
634
9833
2031
5010
4349
7175
6976
5463
2033
2748
3505
1981
7939
6379
8294
1769
2796
8270
5216
6011
7796
5091
8303
613
6860
1427
9154
1557
5263
2718
4388
6809
1006
2433
8419
3673
8998
5798
8196
5861
6789
9110
8887
5961
4116
6185
5893
4558
7642
2539
7915
4123
7643
5303
2715
3415
6365
9088
9706
4977
3337
4022
157
6253
3716
4083
1979
3264
253
2360
8119
8790
2964
3958
9718
8435
77
30
8146
5067
2025
3950
3094
8917
6930
1271
7379
8229
2786
2193
8660
4134
8093
3446
3833
9650
9775
126
5324
4702
4401
797
9686
9480
519
9005
8494
7105
5627
1642
1258
2225
3701
2600
3092
7157
2803
2417
6700
884
9061
2274
8163
8180
1959
6356
7613
9785
6975
8304
5824
6779
1704
6152
5391
7683
1122
4345
5121
5301
9655
4853
5291
8527
1142
2817
5922
3231
8405
508
4676
1030
1893
1354
8401
9349
772
3745
6016
963
7878
7125
5948
4832
8652
283
7524
4447
8533
4415
8862
6318
4418
734
3638
1913
9846
7937
663
3388
8210
6108
964
118
222
5979
6489
2532
6952
1835
4015
5997
2506
7103
8238
6276
9267
9120
3503
5337
8446
9405
1847
7469
1946
8088
5039
9165
1965
2631
713
1541
8512
250
3121
3040
4881
9114
2687
2414
8398
9514
8323
6690
1922
2671
953
399
9511
6982
5814
9763
3418
1897
2496
8488
6008
1813
5192
9051
541
19
5102
3313
7318
4028
8577
6537
2474
8841
505
1690
6727
3657
3848
5504
4524
5450
9886
5801
1210
7675
2378
6969
5106
3124
9568
3553
4986
4087
5403
6786
2165
4874
6085
5624
1357
8170
4002
9852
8505
6871
9168
3855
3580
9128
6828
395
2196
8646
7290
9369
9315
9761
7100
1638
6657
6856
7007
7808
2701
6911
4040
562
1702
4310
6242
4274
3426
2407
3199
2489
8339
6740
9486
7997
3099
7200
2568
2757
7865
7069
9394
8284
2741
8071
1247
6569
339
6783
346
2340
7428
4351
8066
2737
6362
1029
8730
8184
5447
3919
7450
8829
4755
8466
6492
2788
9888
7766
1970
6048
9338
4292
6708
7189
850
9461
2538
767
4747
1711
4184
9101
4999
6227
2994
2777
5947
8590
12
1377
3828
1739
7387
6567
3544
4513
5174
8429
8823
9741
8772
4744
9903
65
3705
525
8117
9472
3758
2667
3479
9937
6810
2907
2019
5832
321
3458
5853
4855
5578
1414
5219
3491
2579
5711
5609
6664
6917
3927
3317
8110
5227
4323
6617
312
4372
284
4213
921
1925
8854
8162
5773
2976
1063
4885
9307
9971
2379
5490
7265
9346
4541
8172
9281
7778
6066
220
7165
84
3114
2266
5954
167
3831
2987
4642
8486
5178
6635
567
7109
247
583
1555
7971
8528
7931
6623
3077
5256
3379
8794
4753
3937
2981
5166
9646
2307
7714
9572
6650
2303
2406
275
3411
6459
5258
5459
4481
2528
6271
6115
910
8714
3398
1397
2500
8046
6389
3928
4776
7785
6139
5520
4232
8679
8777
8820
3922
6790
6075
2550
5453
4053
6432
6373
8668
5268
310
8715
4637
8597
4233
7999
4247
8531
4910
1992
876
7994
9644
6424
8728
707
4900
3898
7854
5193
8589
1325
3483
3551
8659
3854
7889
3268
8387
9262
2787
2101
2208
7153
9792
8881
2656
4625
2155
2199
1953
101
2974
8970
3051
2953
382
6057
8074
9884
8859
9513
333
817
7009
3555
4461
3658
2277
1372
9464
1681
2530
2522
9717
7959
5803
4381
4700
1346
5808
269
3682
2428
8612
3425
5790
9979
9457
3619
8882
1230
5095
190
1822
219
7978
7921
9142
6476
4697
1214
2728
7037
8443
9930
4902
9292
7309
2672
632
6743
228
9495
8713
1975
9948
9388
8477
9563
1780
4850
9505
1195
9912
9700
8312
9216
1940
7562
4044
7790
7515
6945
7700
4577
4197
5305
3269
444
9874
7570
4646
3486
9585
9615
5070
6384
4919
3693
1839
9764
7584
2233
6622
351
2806
832
2132
7806
5169
9581
2699
4037
2883
6462
7334
80
3843
1023
4227
8463
610
2076
197
6255
6966
1060
2473
4604
8313
7363
1584
9484
6279
9532
2245
7644
3724
4883
3783
6375
4268
4118
9678
621
6956
6772
5662
2191
655
6894
4988
5160
1698
7220
3336
2544
4793
7436
232
5184
8376
623
4730
4685
3793
5508
1630
8797
9374
7504
2990
9045
192
2421
8792
8680
2169
8051
3737
2999
3048
616
2794
8853
9342
4773
8489
8199
2819
4517
1537
2932
3019
2823
510
8707
3350
1143
5501
8159
2184
9743
3327
8801
3588
179
7610
6435
2982
7787
6680
7645
9118
2572
1821
5805
7451
9300
5789
2515
1691
3749
8194
3368
1675
3078
2485
9906
6618
6020
3329
1246
3613
8685
945
5020
598
6143
1938
1838
3217
3005
8047
8658
8692
4455
5800
6630
7248
667
1455
6675
4376
7123
4964
484
6717
9249
7828
9468
9853
3436
3602
66
4571
4189
1019
6472
1764
8301
7019
2688
1382
288
2800
2232
3456
5723
1378
8022
4059
2161
3115
9827
6674
3284
4938
257
8031
9784
7452
2804
744
8941
1784
5007
2742
5207
7577
9177
7222
6710
1534
6325
602
3589
8231
6193
7282
9211
6052
2120
6093
1231
1936
6979
6900
3507
6102
775
8807
7576
4504
3829
1749
5114
8731
181
9920
7158
4704
3659
1826
8705
659
9713
3559
402
1941
4169
1652
335
2610
9996
7492
5307
3579
1072
3576
9148
4671
7006
2017
1259
7015
3991
5833
1296
2185
5428
9127
2511
165
9357
2190
7814
1116
7781
9356
7529
5187
8655
9067
1363
8682
4456
2641
5343
9287
7510
2546
387
8042
1865
9091
6324
7140
240
2093
6753
9796
5442
1578
316
7818
7449
2222
3926
216
4485
2389
4410
1432
229
2446
6304
1054
5328
3604
8899
8902
2675
4797
3869
7244
2604
1507
8362
8810
6536
2203
1639
2616
3478
3119
7316
2011
7021
1713
4936
807
458
1532
7299
943
1369
6359
8030
6049
4605
4096
7918
2115
94
9149
4393
1845
8896
3204
8357
9707
7086
5044
8878
1094
7911
2346
9807
2488
3164
5981
4780
4526
8106
2104
2790
5666
9926
2853
3399
2691
3232
4476
7064
21
2032
1163
9283
8325
2842
7479
7958
8664
3873
1508
9189
1016
2676
911
8038
7734
5699
3674
7990
3813
1869
5462
4122
1808
5261
8766
2593
59
4231
4324
1625
4775
9364
1872
6592
8226
4139
3960
5867
5665
7252
8347
6256
574
9767
6269
8752
4014
6778
8875
2607
5426
7442
8938
8344
2908
9278
4665
2967
1840
2396
9117
9770
9548
1920
2412
7727
7255
1511
981
3911
1848
6524
5652
3923
1950
3713
5576
9221
1462
81
2242
330
7135
3147
6495
2951
3888
2039
9239
5138
3066
1514
9938
7938
8831
912
5795
4312
8434
2420
629
1335
5367
2554
8937
3166
9491
408
8330
6558
5292
7460
6784
5900
7982
2172
3810
8279
3834
8549
1927
6804
9084
2811
6742
7641
4375
9434
1391
7892
212
5834
9624
3477
6274
1933
3755
1398
470
3976
474
9987
865
6859
1586
1156
7494
9992
9419
8696
9934
2828
1186
9112
3817
7733
7063
2455