431
340
911
373
278
853
913
355
774
820
970
344
187
864
780
47
935
582
418
499
576
92
305
161
988
867
368
157
724
786
61
626
531
462
925
430
123
343
285
644
43
854
691
214
484
77
914
322
135
600
496
391
10
521
284
872
801
358
709
351
97
539
714
808
510
44
890
58
802
141
828
856
777
443
908
397
357
740
595
753
928
555
274
88
326
615
374
609
638
590
779
845
816
892
557
687
316
614
152
334
341
832
791
359
668
226
706
167
657
23
642
215
354
412
871
756
577
471
984
22
645
34
407
154
986
95
282
119
681
68
134
140
859
81
775
726
317
113
930
480
997
588
583
461
325
151
147
598
457
933
885
331
279
126
375
842
782
733
685
961
518
203
760
171
460
592
361
54
795
980
755
384
587
922
497
406
501
371
667
273
866
378
1000
789
697
533
575
388
778
449
506
38
18
944
719
815
940
20
558
573
663
255
547
540
197
679
656
230
623
448
787
537
727
703
647
403
238
814
1
191
666
902
248
509
4
342
545
99
514
572
186
93
535
770
206
851
488
641
847
580
850
862
763
608
956
302
69
395
258
185
764
51
654
819
826
290
79
312
100
964
883
114
205
474
718
244
264
223
85
180
463
682
218
662
665
184
896
542
314
918
955
830
744
142
958
630
648
803
765
701
444
298
345
118
453
64
716
698
836
483
11
133
946
994
188
306
456
198
281
441
121
696
822
993
874
873
102
12
699
175
409
800
768
948
219
240
466
556
398
432
489
772
427
287
541
947
708
827
127
16
612
894
399
169
225
385
919
475
661
897
472
794
659
672
664
784
137
581
296
464
741
571
408
321
783
923
389
655
710
470
798
300
579
145
888
270
55
487
90
6
228
382
812
695
440
229
204
562
865
817
939
110
566
150
181
773
56
129
837
844
996
989
829
694
328
972
256
869
428
586
594
776
438
267
660
569
74
880
280
669
437
841
636
246
485
603
937
380
824
635
712
299
210
19
423
952
613
173
209
222
563
91
479
731
477
991
985
40
693
745
433
5
35
524
711
950
932
707
86
554
473
307
178
882
265
315
759
968
936
168
746
639
720
108
320
24
863
65
139
517
899
250
96
115
960
124
415
164
705
235
965
907
611
977
652
89
31
144
678
671
338
601
426
201
835
125
904
529
797
366
889
990
105
492
301
704
482
982
370
360
362
263
404
502
236
742
633
619
942
207
570
605
364
895
498
565
879
376
792
293
821
530
916
372
504
46
861
761
182
332
677
158
625
436
806
45
179
200
534
138
83
481
643
386
507
348
848
725
8
227
2
310
333
748
515
494
445
208
78
170
243
549
717
560
929
912
120
653
311
544
909
112
649
234
136
50
838
421
788
53
868
736
511
855
766
523
963
887
70
101
66
37
632
269
750
926
796
734
259
951
155
84
434
860
266
283
811
32
584
723
253
262
508
15
979
754
983
242
974
336
478
330
454
42
294
446
57
393
392
143
109
72
567
271
553
39
254
962
292
288
486
276
233
646
513
469
686
981
843
231
63
52
953
591
295
419
628
402
435
967
199
543
799
769
818
211
804
658
589
424
538
548
729
232
689
903
339
60
927
75
680
163
528
568
676
195
728
251
192
416
71
490
921
604
365
26
303
670
450
451
369
202
525
323
713
831
924
213
915
413
400
884
771
313
758
216
757
493
268
846
491
176
87
422
809
401
743
347
260
131
76
684
447
459
825
420
122
692
735
309
992
559
875
353
941
183
881
561
14
722
277
738
762
252
224
346
730
973
212
749
165
621
465
394
442
620
237
624
106
390
396
172
318
898
629
245
546
934
352
807
520
943
27
48
476
387
495
80
700
67
999
455
286
153
324
673
512
411
732
304
833
103
790
651
335
852
349
500
622
805
104
160
971
949
149
987
166
976
327
551
128
877
674
221
417
978
781
116
849
906
82
596
526
196
840
383
503
261
25
751
785
29
585
28
59
21
17
350
189
98
813
606
599
194
363
519
886
162
683
839
291
536
308
367
602
458
793
597
132
377
878
174
425
405
467
917
690
938
593
30
193
823
578
272
640
220
379
130
752
910
618
217
381
239
834
94
297
13
747
901
33
715
975
891
468
146
627
876
574
552
920
617
739
117
111
356
516
637
190
721
995
337
957
607
858
650
998
610
870
969
550
634
954
177
319
522
564
329
810
893
249
107
414
247
452
675
62
3
905
289
7
737
241
159
527
36
156
616
9
439
631
931
429
688
767
275
959
857
257
148
505
945
49
900
41
532
410
702
966
73