828
3593
2672
5632
4185
7193
2392
8141
8567
1526
9320
2314
4953
9557
478
2401
4174
6040
153
7811
361
8393
2185
9073
7733
2293
6722
7680
1816
9279
2631
5723
7096
9288
1671
1541
7834
3829
6128
8435
5709
2525
8811
8183
1601
9925
4083
3476
1950
3105
1840
869
3702
9798
9791
7072
2813
7076
9194
5864
297
3728
5838
8539
7934
5561
317
6658
5141
3034
2273
9344
5617
2998
6076
6374
7402
2065
6201
3469
1780
645
169
368
3408
1045
6278
6388
6354
9128
4786
8504
473
4202
6363
5006
387
4748
9638
1708
4776
5964
1908
6629
2290
2748
4676
1969
579
1239
1849
9998
6500
6908
8797
8569
6838
7248
9619
2761
7987
8754
2579
9974
9683
9779
8095
117
8261
5241
8346
6057
9833
1721
7695
9477
1115
6528
8574
687
7431
5448
4859
3628
121
2406
3518
5869
4773
4047
6558
4596
7006
8481
7286
4034
2483
4970
8502
1711
7640
3634
4750
3236
2073
7130
3643
6073
9503
7878
5127
6917
5925
2699
1022
8381
31
8439
975
7758
260
1740
5081
4080
9217
7435
9889
6980
9950
2446
542
3233
6965
2668
5923
8288
1255
1331
2681
4245
4070
4243
5863
4235
4826
5097
8097
3743
2027
5520
609
7801
4992
2757
9483
5959
765
1025
3249
7118
9160
610
6497
5089
3332
8260
4996
7674
5349
8333
4141
7671
5543
8134
8723
3062
8454
9472
9410
1524
7785
1207
231
2072
5382
9134
3686
2081
9994
8205
1133
28
9328
2560
2600
6281
1909
6967
4881
4612
4312
8518
7185
632
8634
8444
6975
2825
8844
213
8619
6792
5810
9922
4499
8233
8884
1539
4799
6651
3701
1951
3923
3734
7630
6767
9491
4461
6362
1772
9371
6820
6450
5529
7350
6867
6232
4005
2882
1993
6735
3756
1121
2961
2881
8058
6038
1028
6766
6052
3005
6711
181
8546
6817
185
130
8697
2829
6770
4553
5140
3665
5519
6044
6693
1024
9140
2004
2590
9281
1578
7215
6008
3025
1602
6667
1611
1786
6824
5680
8396
5641
9910
3150
6303
5693
6324
8611
6887
59
9394
5251
152
8966
3391
2874
6548
6791
8182
1561
1392
5336
4339
5972
4575
5270
8989
5278
8784
3382
8919
2367
219
1618
6371
912
4037
7838
3810
5366
1789
3294
9459
641
1596
4703
5726
8911
455
9420
1006
5692
9754
499
3482
4179
4662
1129
6837
7926
5426
8686
882
792
1010
8437
6261
7247
5320
3031
6430
8625
4943
9426
5397
4030
8348
7754
6111
3412
7882
8045
359
9537
4809
7874
1301
42
2058
7689
2677
9724
2753
9395
6588
8452
9286
807
136
4401
1613
7199
1271
1615
1554
5199
9713
3318
3604
7986
3350
9804
9997
5020
1983
4188
1118
8669
2409
1491
7012
4583
9496
241
3936
4980
2524
513
8739
646
5691
507
7800
5476
9292
567
3680
7274
6564
3586
2301
7358
8273
65
7080
4522
6163
2074
7259
3987
3190
7382
8340
166
6808
109
4293
6524
2802
4695
4147
5076
9078
6643
9330
3215
1883
9175
5038
2766
5610
2397
2966
3484
2554
5497
6338
2079
747
2183
7027
3770
5477
8216
9559
6998
5966
7425
1450
4031
6007
4780
2921
4058
590
4630
1148
163
2070
4360
6004
5954
6345
2015
3851
3441
5899
7620
4600
3195
3379
7202
8413
2040
4711
9739
1829
9728
5369
4405
5807
8657
9693
3116
2580
9169
9586
9643
2114
2410
748
4087
1977
3307
3
8764
5365
9433
3825
2069
6466
2847
9863
8796
8802
457
9347
1907
4044
3392
5088
9615
6031
6079
779
5941
8047
7378
6842
2005
3481
3428
9540
486
1216
1836
2478
7667
1415
2545
8142
3738
8837
4723
8519
9862
7848
5285
1592
9670
2605
3968
5708
5710
1376
1359
5487
842
7060
1029
4696
2931
6707
6304
7385
5657
3612
3641
7629
6988
8994
2337
12
4860
1641
1208
2508
6678
6602
8341
8443
7773
4289
5872
1781
3181
8411
5299
5294
6113
2215
2999
8301
8373
7062
3442
3065
7335
1666
7712
7016
1653
3304
4180
304
899
3882
5101
3630
2884
6874
7066
6618
6139
963
6254
2985
7004
4309
7391
3158
2064
4531
3101
1417
6062
6312
8999
4255
5679
2553
9049
1289
433
4297
8883
3667
7682
9707
9701
5339
3506
1441
1163
3078
5878
6129
1919
4366
3626
5555
1900
8935
7463
7877
4910
2190
4356
8877
8748
5027
4793
4220
1833
5548
4674
4542
4052
2331
5544
7346
3378
8039
5673
7638
3689
9244
8540
9992
1805
2056
5242
7825
5786
6429
4866
3646
4317
6649
23
467
730
9226
4063
8308
5337
74
6051
66
8807
4107
5170
7489
4653
5136
1153
9303
3949
5854
2456
5848
2013
215
9654
7549
9872
5845
3459
4523
1070
5293
5974
5776
4700
362
6924
4645
9080
2782
4626
8150
7158
1318
7819
5126
7437
7472
3846
1854
8706
7133
82
1698
5737
9348
3153
4731
6391
7373
4466
7739
258
5492
3169
1681
5581
6566
4923
7797
934
921
3787
5706
9726
5688
5077
8655
6215
5313
1768
5443
4151
6069
4082
5116
8566
9029
5939
3021
2035
2571
7710
9797
1834
8256
4820
3775
6247
1723
7277
3682
5646
7954
8041
3050
195
9861
8109
3029
5724
2562
7327
1887
357
790
7652
192
1288
1940
2459
3977
5754
8016
4103
1387
5134
8071
4258
5446
1475
5915
2548
7319
1157
8419
9457
6966
4887
4285
6286
6322
6894
7104
6421
9367
917
5034
668
1851
8428
5091
8208
8537
9214
32
404
4937
8824
4848
2573
6452
6016
4834
3763
6359
7607
2817
5644
801
2773
7404
1080
1470
8560
344
6523
7513
8347
817
8956
1104
4638
5456
701
3962
9260
1638
5375
1469
2899
4256
4093
1994
9313
5489
1677
5161
1661
2730
5819
534
3224
3852
1399
3070
5415
1397
9776
9899
8177
3533
4882
6984
1011
375
3806
8561
3474
4040
6825
8858
4398
6631
5965
2517
9042
9309
3819
5768
4961
1226
908
1764
1886
3211
8374
3188
9187
9133
9721
2075
5682
7166
4571
9013
2300
843
2982
138
8582
4771
8239
5914
2879
816
8600
5240
959
834
2414
9740
2738
135
5073
5537
1231
2506
9761
421
1055
7520
3455
721
4823
4326
5122
4607
2445
8572
2719
3370
5304
4594
3796
183
3831
2623
6719
4874
6828
8874
4167
394
4572
8906
5086
1103
6344
6046
7100
5856
2861
6788
7602
8674
7942
4442
3674
7649
3296
6716
4488
1778
8661
3039
9573
272
7516
2473
9826
8153
6935
7141
5413
1640
954
677
1506
7046
112
6892
2396
9589
1965
3351
3543
2744
5757
2133
9374
4261
5029
7389
964
1279
7971
426
8052
9855
4589
1150
3821
3480
5271
7299
5832
8929
5841
6738
7725
8621
5772
3288
2092
2989
9016
4983
4072
9678
1974
9955
5303
7103
9538
6749
1938
5174
5545
1979
1224
6653
1620
6443
7164
4017
887
5246
8149
1989
756
2547
5669
3048
4806
8447
5043
7576
3132
530
3715
4439
3423
4558
371
6370
8532
6418
9516
2262
4132
3959
1086
3124
4722
434
9164
6704
6517
7323
279
4266
2781
1574
2938
528
9325
481
8981
4527
7169
7535
3305
9708
5790
7545
784
366
7462
6397
7498
4278
7225
6145
4166
1462
8704
314
883
9656
3214
1088
9569
2519
844
7525
4448
9811
5805
7796
6848
7742
2203
7989
8527
5614
3107
9177
431
5907
3589
4068
4183
7330
7477
8920
2675
437
8175
6992
6879
8004
4420
2363
1515
4153
2156
6686
8382
2415
9555
3354
7056
4679
9767
1628
3671
5385
2616
6367
4914
3716
9149
5338
6972
5839
1161
4176
9239
3726
6836
9273
7445
1531
1244
1338
2105
3366
3744
7023
854
3985
6305
62
5171
5697
3220
2283
2019
8284
8907
6713
9522
2632
7916
9271
8665
1268
3413
1004
6931
1612
531
983
9386
8520
1967
4069
2597
1858
8174
5031
8552
9983
2891
7726
4333
2353
6411
4463
2266
1257
1298
8825
9541
5469
6683
3599
4036
6831
599
4128
6697
946
3750
675
5639
3946
7263
3291
1461
9587
6356
740
7111
1346
1378
9130
8100
8218
8866
7823
547
2785
7361
7298
2661
6258
1405
1765
414
5592
9415
1865
7938
1741
987
9382
4533
4378
9126
9917
8190
4055
4353
6703
6266
3687
5274
4902
8759
4403
220
7057
405
9399
4232
1172
8101
5580
8714
1595
5281
5259
4636
261
7829
1053
4013
2860
391
2371
6888
168
9801
2865
7583
5963
2067
1745
2351
6294
2298
3017
7945
3123
9562
3522
4715
9159
3567
9238
3368
3416
1137
1371
5784
286
6679
3952
2028
7115
8516
5154
8779
7015
2876
5876
761
9363
3463
3303
5607
804
8423
5026
5924
2095
918
1822
3845
2979
7534
211
8606
1196
8375
388
8542
2438
4847
3064
7003
9673
8279
8836
6453
3013
5696
7968
3208
5039
4932
9150
6064
4821
9182
7767
6534
1537
460
225
5403
4016
5191
8212
1486
3573
3940
1333
209
8588
198
7609
1014
1119
8269
8753
2014
9971
6684
566
6928
1065
1116
9548
1228
2755
7675
5416
6847
5853
4718
7617
1784
1514
8856
1155
3658
6061
4302
3828
1408
6378
57
8414
7533
3577
9866
4971
3198
9294
4483
9020
8359
2010
6496
9777
8788
4837
8740
5978
5826
5982
9819
9883
6680
1614
9058
1297
9842
7325
8476
4530
4974
2740
4475
7399
8365
6060
2326
5106
5993
4920
6055
7334
4459
561
4222
5228
6907
8962
4915
8507
9744
1122
7594
4435
4486
5536
1377
6006
5425
4871
7025
8106
2134
8533
9893
1961
4545
4370
5911
9473
9488
3723
8322
9093
6033
6604
7309
2425
7552
3273
3450
1479
4325
4683
9255
6017
6300
9659
4732
2500
7960
2181
2030
3329
4873
210
9760
8729
3008
4041
3478
7697
5528
2049
5169
3970
1357
1542
4661
6856
1286
602
1478
958
4225
1394
7515
3785
736
4687
1043
2925
5350
11
7612
8934
3163
3402
4056
9895
8808
901
8281
3675
9373
6873
3855
1100
7999
8847
8756
1707
3688
1873
5195
8959
8535
722
1718
3012
9529
7716
4838
8448
7044
8035
6307
327
9434
8096
8012
7711
8864
1616
3754
308
5946
8980
5008
6440
3242
3969
2610
4250
1368
8076
3793
4948
4751
1847
3820
3867
7843
3479
7034
8485
5459
5013
1434
9566
4231
6137
6276
3731
4457
8771
2207
8040
9664
3120
5359
4098
3384
477
8536
6259
3615
5668
2959
1247
9731
1848
708
9355
5244
2048
5072
5068
3399
8909
5483
1650
4417
1659
2770
5051
2737
6459
3490
6465
9598
487
4796
2432
6343
5139
9844
9106
1246
1955
1260
8551
6420
3550
1817
5997
5
1792
5605
1396
9563
6274
1699
3387
1083
8951
6650
6171
630
703
2232
1093
1884
4014
5862
2714
6280
4564
6183
6176
2399
8268
2236
4263
2246
8711
8690
4177
4767
5518
3077
3086
9277
704
7568
840
8509
7480
4296
1033
5798
9648
8357
7228
5288
4926
1131
1345
4009
1915
2642
734
3171
7550
4133
9813
6436
3762
1375
6446
490
9558
440
1807
6666
8362
2472
3361
8229
7423
4352
1311
9113
15
5227
1464
1813
6903
1505
3542
1168
9101
3966
4597
945
8595
5568
9517
697
9772
5442
4374
9071
7655
8916
5014
760
8345
1543
2792
284
4462
2842
5422
6204
3270
1998
7817
7407
2812
7333
8111
9657
8089
6580
4692
6624
40
3104
2589
5328
9261
4792
7242
3079
9167
1000
492
2942
29
9137
5146
827
5628
1234
4394
2086
6422
3642
622
564
7927
8204
1863
4453
8610
2684
7239
9886
3230
6882
7728
8387
6245
1696
6009
7939
6267
3037
6419
8470
7517
9629
7459
2024
2970
6518
9003
2783
6416
7252
2885
2452
91
3739
7481
9242
9764
1624
7688
7962
5261
9976
5833
6086
993
6366
839
3425
1753
3817
1197
4193
7816
5059
6962
3672
4580
3656
4570
8022
3325
773
2909
2680
2626
6855
4033
2063
5298
8979
5047
2659
2764
5571
4157
3033
3342
7500
2166
1738
2476
4001
3879
7788
8104
5987
8996
3929
5250
2652
5037
5360
38
8350
2514
4391
3578
251
7958
3186
7661
823
3524
8913
6298
1831
7529
6760
6694
4982
9354
4190
2843
7925
6593
1261
6164
7126
2656
8534
8020
3309
9178
683
6041
5611
2230
9221
8881
6068
6014
4280
7296
8299
4825
1243
7751
4262
1048
8291
3863
7812
1986
429
2978
95
2272
3730
6478
3596
1472
5214
8461
5821
8721
8503
6891
8409
1034
3914
6994
8775
347
5873
5944
2533
6321
9108
9854
9211
6776
8460
5392
3516
9350
7530
1627
9993
1067
9614
9875
7082
5984
7575
7229
1552
8312
1330
6116
3055
8668
2304
4941
1050
1577
751
9697
5133
8026
5794
578
9118
3308
4354
305
6220
8769
1485
5647
114
8356
3997
1976
9075
5109
9107
8380
2280
1685
5402
9599
2935
107
46
4724
8298
4510
5702
6456
1410
3948
4066
9218
1272
6692
3627
69
9909
791
3897
3434
2993
6299
613
9368
4203
1460
2443
2241
8708
594
4306
2137
4950
7344
986
4096
4925
9815
8766
5441
2274
5458
6515
1632
3783
3881
2800
6182
5707
4955
5012
398
4399
7727
9198
3473
239
7522
7430
2599
8614
3200
1944
5401
1258
8849
9539
9874
5117
6423
7231
8726
651
684
8818
5823
8209
5836
2904
5677
4327
7094
774
927
1903
7923
1732
8479
3098
694
7831
5111
7351
5445
7978
7420
4201
6048
2155
6936
9919
713
5521
5324
1191
7915
1898
3606
1206
9291
111
8997
7091
7561
605
9851
5855
6815
186
4598
379
6774
9981
2765
9189
3767
8321
2077
7744
1189
8659
6728
438
461
2756
4549
8221
7086
2788
8680
1751
113
7659
3649
326
5815
7273
6091
618
9547
6505
4648
7411
5904
4307
2510
2380
1306
8725
8547
8530
4789
8188
6926
1945
4843
5758
6575
7009
5496
588
1466
9110
7821
7485
1999
3894
1504
4298
7558
1812
1892
8227
6231
3670
9416
5015
4447
7665
957
5093
1477
4647
3322
4275
9404
9319
7375
3511
7383
7313
5506
1875
3824
4505
9339
1949
7985
3277
9048
8061
7178
5830
2336
8841
7079
9616
3435
6477
2601
6648
2467
1099
1440
5567
9002
1149
3735
9549
6717
2953
7181
4579
7140
7564
9698
5740
4224
8615
6355
8932
7814
2257
5394
1419
8930
8703
9846
6432
9890
8176
8938
6968
8211
4265
9960
3549
4835
5411
3568
177
510
2106
3920
4090
4560
1957
8339
6382
8601
7260
3523
2643
4819
2098
9283
4812
9361
8384
6249
5405
5439
9171
5881
3925
7089
8902
4557
8324
9681
7666
303
1312
9202
3394
1395
6253
6357
9230
5753
4062
7071
6413
6635
470
2247
9564
386
9038
4927
4519
8806
4559
635
2749
2848
3964
5135
5138
9362
1278
5599
758
3401
3574
9337
7157
7266
1583
2611
412
4212
8985
7860
6790
4997
6012
3464
422
4065
1540
7880
3565
7085
1353
6943
9280
5307
7892
3330
8170
3528
51
5266
9692
5362
8445
4879
1211
3694
466
3983
3832
3060
8792
5685
4733
509
9921
5658
5186
4795
9278
4143
9769
1465
9153
224
7735
176
2504
4487
7243
9751
4101
5510
7227
5457
4438
8512
9102
8977
8737
3174
8449
845
8921
7312
6834
5782
7150
6915
4567
822
7807
9124
4492
8422
3119
2906
535
6944
4349
9685
8598
7578
7919
2723
3131
6772
53
7857
5880
7068
3766
7357
3919
2022
5945
6549
737
3575
9154
8694
3558
504
4528
6843
338
1452
4134
7117
9041
4870
6448
5940
5596
9092
9518
415
2299
5992
902
2687
9560
2033
7556
3328
9010
3839
383
1790
6959
4846
9820
217
2916
1629
2831
8264
6654
9836
8203
4893
9536
9210
6830
6700
8590
6739
4485
6918
6315
4691
5961
2189
1428
7600
8018
4112
930
6149
3973
1329
9775
598
5454
906
7679
5201
5633
2880
9627
150
2269
693
7450
2530
105
4437
218
5237
9185
8287
7736
985
4284
489
4162
1229
4350
4644
4148
3395
8486
8266
2746
4743
2583
7345
7624
8404
3279
1799
3742
3816
7851
6977
9880
64
9521
1360
2243
744
6174
1263
7123
3916
1158
6156
4803
3600
9135
9611
3295
6193
1215
416
796
7850
4092
3924
4508
7540
8578
333
9729
6507
5849
3080
5948
2252
8436
9323
9684
6902
2128
9115
4705
8851
8773
4428
9873
9083
898
6929
4962
3603
654
9572
364
3430
2603
1648
4308
8450
3052
7211
4121
2296
5468
268
2691
9841
1547
4303
750
3984
3196
1567
698
4237
7026
3229
5348
1210
2649
5569
8970
5887
1631
5973
5376
8105
4704
910
6753
5209
1075
2115
9274
275
1777
6594
2208
9331
7818
2662
7946
1476
9430
6235
3223
5901
2142
2129
4659
5943
116
3618
5788
4211
8499
3357
3167
8583
7495
2947
125
7856
6384
4940
6327
2620
8838
8671
5624
9857
3364
8064
1729
5226
837
1928
2706
5092
6222
7356
7559
7058
8772
1256
9085
9287
2213
5182
4433
2768
2787
3138
4455
5418
4336
8813
4742
8352
9499
2362
1182
6112
4908
1692
3501
6102
2696
8238
3697
587
1111
797
2822
5789
5115
5048
870
1290
4142
6154
2223
8786
9594
2413
172
2281
9962
6714
9806
5295
5309
6510
5583
4490
355
8624
904
7900
4712
8603
1538
7544
7235
2995
20
9317
2789
5488
8102
7750
960
9646
2491
8799
1759
2535
8265
2343
931
4804
8648
8286
8880
1925
2287
245
5145
4186
8508
9438
2175
5325
1277
8400
1636
354
5061
9734
8259
97
6839
3905
6747
6189
68
2089
4335
5213
8429
2715
8483
5083
385
8403
7547
8189
271
339
4191
9213
9089
1362
538
8827
2289
4710
7662
1176
1433
3544
3326
5799
2357
9206
6706
1370
6752
137
1166
1894
907
4376
1693
6570
3545
2216
6734
8280
2775
9671
3818
6246
3026
1205
8009
7276
717
3620
984
9588
5187
988
9448
7953
151
6482
7188
9546
7696
96
9755
7441
6289
8894
7249
9848
7297
6491
5620
7789
9321
2731
6785
9412
1422
9065
6474
8187
7567
5398
9978
9999
2943
142
5764
5674
1358
1914
3061
8397
7207
9387
8458
742
5430
1077
5713
3836
5509
9264
962
9742
8553
6979
1209
2804
2594
234
8691
5130
8758
8162
6151
3748
5703
4187
2104
699
5017
1518
1855
2994
345
2418
3084
8839
7729
1162
6603
4028
4605
3553
8063
5564
7752
2873
8349
855
607
5516
3792
5316
8562
5556
2856
3415
3564
772
5902
4012
7241
5778
2214
8760
9621
3149
1016
7569
6565
6877
4556
995
5600
8757
3263
4230
5330
7031
4229
4810
1314
2384
6194
7271
8591
1902
5481
6807
7597
7832
197
3679
1550
6605
1059
7604
6099
9067
4574
2122
294
712
3866
3804
2694
8718
4865
6581
5264
2479
4817
6762
9469
8181
4904
2165
4585
4755
9452
4345
9796
9642
3857
3403
4046
3954
4606
5427
4228
3683
321
2897
7611
5232
6203
6282
6396
2385
2159
8626
7976
1372
5527
8405
451
3534
3406
1064
8010
5622
4246
5572
6687
3185
1930
2674
9095
9632
1783
7947
7896
6335
2466
6353
2130
1492
866
6387
9064
6827
7658
7220
4845
257
2018
6657
1473
8459
7774
6952
4525
8945
5493
3678
709
8115
5156
4537
3142
8589
7897
2531
1841
5979
1806
3148
911
9996
9245
9634
9795
6225
9166
4247
8214
7998
8318
560
5080
9759
7457
8579
2779
7310
729
6854
2158
1429
5078
5224
5378
5070
7646
7563
1467
9609
6097
2563
8525
3136
4423
1217
7519
3507
9876
799
2613
7139
3139
1821
4119
4305
8828
3508
149
8158
8044
4281
9251
4314
2582
8195
6445
4729
2810
494
741
2211
6415
9610
2496
4664
1379
3876
3173
4988
7453
9530
642
6787
3448
6316
5894
8662
4889
9904
1017
60
8720
8314
6840
4693
4665
5642
6165
690
7238
8641
8017
2132
8080
3690
4482
8830
6818
6628
5428
7042
4456
2734
1409
2162
228
5871
63
6150
3102
1468
1956
7302
9021
920
6805
3607
2192
885
4484
543
9121
5888
7894
1044
6488
4254
6172
1830
2963
4208
6399
5649
5223
2358
8631
3662
3009
6306
7741
7149
7570
5780
9651
7408
3074
2282
8131
3805
4209
3287
9938
8633
194
2440
5951
9979
7290
2387
8267
6101
868
2045
8114
9269
576
9702
8607
5988
5749
7572
6489
5971
6804
7035
640
9867
6071
5052
6538
9507
5335
1463
9790
7291
9951
625
7465
4051
3514
5996
8244
9470
3847
8472
4026
6409
2818
6741
5594
2776
5727
1327
8833
2709
8544
7107
8274
2046
3151
2393
5531
9463
3451
6933
9623
1589
6781
5995
5842
6196
4286
6219
9365
2996
90
7499
5252
2902
4053
7280
402
4313
8998
4964
8258
2992
9359
7692
7506
6751
1219
2332
4242
6608
4753
7964
9268
8912
8643
6535
1728
7841
3443
4965
1480
5050
780
1507
6186
6761
9807
5064
8328
5334
2268
475
4851
5884
2041
5217
5744
2538
7077
8705
8038
7267
7175
3972
1762
5435
7049
2108
3258
4369
9199
8804
2954
5777
6600
4021
5892
3860
6401
9612
8563
8467
9752
523
5557
9380
6227
2170
2971
5525
229
9661
2844
2950
6275
8918
9793
8618
4727
2945
5648
4698
9550
4669
4411
329
4346
820
1140
4671
2437
7936
7762
2039
3947
9514
6035
7171
746
5517
4697
8716
7180
629
5578
9422
476
3160
8336
5021
7447
4621
8311
9098
3685
5837
3950
8505
805
6675
5491
5631
2607
3862
2228
5553
1726
2458
8327
252
2786
9246
2826
9468
8164
249
716
7980
4425
5598
2316
2625
4903
1988
443
2109
9620
1482
5629
1942
5238
3753
9390
2750
1867
9123
2771
4593
9364
806
6597
2586
3933
5024
1310
5003
276
5010
6120
1912
533
3462
7605
7889
8332
1223
7778
7213
2618
3965
2031
7881
6816
9730
1987
6036
9723
7795
7322
7724
7209
7622
7488
49
4392
1968
6140
7995
5374
6442
4854
302
491
9891
1178
933
9668
4541
8228
2248
5404
1049
9718
8392
3560
5935
9379
4019
2778
8152
4802
4048
3432
5465
4215
8658
3759
7648
5340
2840
5917
6691
766
5490
5879
157
1036
1864
4320
7146
2198
3051
1782
4311
943
8846
4781
8059
3109
9986
2690
7844
7853
89
5947
2093
2862
8497
743
3764
158
4409
3640
7676
3529
9025
9425
2171
2424
3797
8388
56
7257
1283
9136
8904
900
8191
191
5742
8315
1825
9753
8046
9556
7471
9626
3377
6493
541
1643
5065
5414
8571
6264
6435
5595
4913
6568
2101
2849
6853
8743
2308
1349
285
6486
418
36
6571
9733
9898
2344
1079
6736
3327
1594
656
8167
7541
7289
7771
6664
4857
6166
118
1447
265
7635
8394
1063
7305
14
3255
7208
8632
1971
9265
9835
7493
6444
6756
9228
43
9068
2791
7018
6987
5731
3390
99
5704
6226
2364
2394
2422
5499
8023
8936
2747
5612
3244
7837
536
7717
3059
4898
2574
8438
2556
7957
4841
4785
1446
7045
3282
2720
1924
593
8820
233
2551
7596
5937
6187
6634
8992
8890
9262
400
9802
403
7950
6981
4822
4584
7013
9254
1317
331
8477
3576
2489
7943
2124
3314
208
9805
8885
1343
7223
7909
4480
4673
4500
2502
795
2277
7033
4496
30
1500
2688
781
8207
2516
4672
8290
6555
4984
7555
2685
312
8869
724
9087
3880
3250
4251
4978
6811
9082
1254
9139
7678
4110
8854
1688
2373
4029
4931
9865
1533
5432
3996
2178
1556
6107
8699
1548
505
1056
1195
1795
5333
5229
3994
4491
3043
3358
6606
9982
9461
9972
5377
1171
5046
4911
1459
4136
7690
292
2870
5395
293
7668
9443
621
3982
7292
5844
9967
7627
4493
5108
8262
8868
2259
6236
98
8942
9122
2958
2859
6410
9852
5949
9605
235
5775
2915
9662
4322
6348
2726
6592
4658
131
6930
3676
9635
2321
5063
408
7719
4338
7691
8037
3892
2793
1823
1015
3769
754
8215
5910
7883
1041
9119
8514
3111
5661
1935
9423
9593
1458
7761
5057
3168
471
3541
8081
9037
1715
7820
9492
6520
570
1520
574
2735
8927
5767
659
4004
8014
9519
1169
6395
8148
3515
2658
2218
8072
4942
3096
4007
5118
2598
3312
6646
2671
871
2477
5125
3718
8745
9606
4397
7390
7051
2835
2118
6584
7720
7932
5637
1484
8184
3638
575
3971
342
6467
4300
2444
2002
8875
1906
6610
5627
4784
7379
4939
2164
5256
5016
5813
9436
9017
269
3722
8060
1252
9789
7616
7553
5931
1660
1493
2286
9207
4149
919
2348
1076
2020
8984
2149
6733
8761
3910
7433
277
6085
3992
832
9968
5262
6543
5590
193
8376
1607
3886
5257
8845
2219
7684
2494
1420
8636
6516
4504
6291
6849
442
6644
6077
7008
9346
1300
755
6598
8296
2900
2593
947
7311
9933
5885
1481
848
7473
8116
2614
8323
1891
4402
6248
2629
6786
7190
9903
3180
4357
3921
8719
1363
6846
8484
7791
3431
8531
6092
3227
3183
7701
5573
7250
482
5512
1809
7097
9533
1606
5383
2227
6661
2433
2474
7510
5733
5233
6995
3526
660
1180
9449
5142
3521
7651
521
6676
3426
178
2955
5771
1445
4972
8367
6313
767
6889
503
4130
3383
9397
5143
7740
9358
2324
8377
199
7412
6010
1147
7028
9301
914
3666
655
3449
6905
184
763
8683
8573
9392
3644
565
9471
8834
7822
5474
3386
4414
4603
6574
1654
6668
4081
7217
5357
949
6192
3520
6100
2212
6260
8860
35
4441
5766
2518
4465
9034
3487
9316
4532
7352
2096
488
2009
916
8139
2536
7409
8372
3761
6942
4138
6336
6677
6483
8948
5390
3684
5859
7318
3776
5277
1769
1454
7221
6525
527
4863
6794
3781
2017
8406
4762
3251
5486
1292
1706
9131
2238
7069
522
4608
2769
1213
7054
10
9689
256
6288
5672
2029
2147
8642
7170
9158
3024
8334
9509
3010
290
1743
7001
1519
3404
6583
3073
4540
1766
1633
4746
1536
348
1560
2144
7730
7748
4709
1846
458
810
6669
5007
9188
7374
2790
5331
8882
7410
2911
8556
8865
3571
5773
6991
5797
8585
1714
3264
5511
7201
3719
6895
8730
3922
8219
6506
373
2354
2558
6745
1106
330
5276
2722
1471
8091
2572
3133
3311
7854
3000
2285
1081
4655
1499
4749
8709
9645
3344
1819
6721
5734
6912
4524
3117
9902
3247
5206
4213
9747
8652
5211
9773
2619
562
6615
84
6124
9026
154
8050
9669
9462
9714
4470
6251
9112
9105
3782
6550
8354
1744
5994
9036
1236
3137
6195
825
2421
3203
5297
4736
6897
6398
6136
4469
8250
9513
3421
2000
3209
7852
6385
8213
8206
3313
8735
4025
5306
6914
5128
752
7503
9554
2107
4000
87
1922
365
9428
7749
7254
6986
3418
5918
3376
4192
4388
6639
5716
4959
5300
4419
4502
1094
8410
5329
5272
1188
6850
5765
9272
3388
2470
944
4489
2713
9161
3700
4120
4930
4629
6806
4677
9630
2186
6005
3704
4740
814
1351
2576
619
8067
5356
4707
2008
5667
1361
5165
9631
5514
9552
6476
7268
3367
1242
1132
8522
9781
3082
5153
5176
2110
6916
662
5220
7191
9345
8733
1529
7588
7283
5144
4440
227
4218
5343
6814
4089
1389
8084
922
1401
6379
1599
2894
6537
2345
6920
7426
923
7287
4390
5149
1315
6553
8848
7963
4706
6216
182
8161
9295
4517
3961
800
9834
3617
7591
8325
341
8237
8832
2206
4150
3579
633
6242
6089
5670
9840
3134
8465
5912
280
376
79
2054
3513
76
6358
5208
4714
7496
6923
606
7876
2398
953
343
4763
3757
8713
7168
2138
3411
4241
2150
8667
8910
5515
1273
8853
8565
1334
4987
1958
1798
8001
2644
4650
4901
4161
9241
8767
5684
7340
1623
1089
5470
971
631
1936
7573
5263
1804
6342
1874
6470
2427
3341
1322
8112
6533
384
2981
3554
6375
9831
4569
6978
7560
9031
2820
4343
1931
9905
652
5248
4458
3833
9081
2695
8747
8888
8469
8364
1384
9203
8247
8294
8995
9417
7839
7587
5626
1250
9196
3380
3838
5909
2319
1026
8431
5464
165
4494
4178
2888
4768
5200
793
2633
2883
6454
320
5532
657
7941
1911
9528
2871
6812
9008
2666
3299
6059
6823
9792
6502
941
7326
2869
3834
8549
8192
8794
8744
6238
1997
9680
399
4217
1453
1954
8526
1528
6492
5147
2821
9084
8117
4274
4067
8496
3262
7114
2830
3128
1253
8257
3453
155
2585
3049
6665
4152
5289
9914
8724
3316
6499
2043
6013
6759
913
6813
3191
2960
1571
4385
8275
7315
8066
6971
3980
5067
3293
7548
8903
1672
6951
7757
2202
7693
9282
3621
7197
1165
7731
3580
5721
2263
634
2930
7418
7497
6170
7293
1324
9822
5542
7501
2878
4684
7154
4573
9768
6552
173
352
4770
7718
4535
4173
3205
8630
6789
6663
8946
5793
8982
325
8617
8235
6394
9329
6638
8651
3647
119
1259
1686
7174
6490
952
2139
5736
5370
8931
8143
2526
1695
6088
267
8852
785
453
3608
2007
9340
1694
9099
5449
6527
419
6020
9809
5096
8307
4449
7805
9551
5234
1233
846
4582
4591
2168
5507
7452
9679
3902
597
3943
3988
9421
3891
3063
7265
1001
5735
6126
8478
4816
3011
2892
580
4966
4384
5478
1303
4135
8599
8613
4126
1881
6369
1926
6269
4509
2025
3822
1901
938
9964
2857
9489
5084
3310
5030
4725
7574
7828
5898
8905
2604
8043
5986
7598
6155
7623
6168
6955
7531
3301
2832
1683
7388
8963
4616
4431
2235
8917
4085
2587
5739
1598
3745
3777
9677
4682
6066
6782
511
8586
2288
6047
8666
6090
2528
3811
4906
1305
8199
8647
2939
8968
7532
2420
4538
8524
2555
903
8179
9497
7715
1456
7232
2084
2940
8762
5113
6591
3457
1030
7206
2430
1222
8433
8272
4611
6795
2710
9179
3225
950
2366
5485
7961
4829
1032
3365
7657
1142
8133
667
8976
7233
8675
1107
3868
1154
3823
4663
2180
7786
6202
8424
2278
7508
6652
3837
3458
7005
2693
2210
735
8361
24
3347
6255
3673
5327
3657
6503
6074
2529
1398
9192
9687
5192
5969
2368
9800
994
4277
1862
2845
6460
4355
1530
1139
322
6740
2704
6244
5659
250
7707
7905
9442
3156
9710
77
6754
3854
4095
7766
1267
5857
5860
7949
3146
2060
6844
4331
8501
7348
7398
5247
8342
5205
1414
1563
5363
7969
3135
8110
2094
3093
3869
253
6695
2819
8254
664
1159
865
6181
8898
7615
8407
2051
6587
5804
1675
4389
2739
5970
7392
3760
8887
3900
1527
9032
4726
9667
3859
6784
7073
6883
4734
9561
4641
7364
1754
4408
9209
5079
2233
9396
5155
4547
8471
1880
2191
4011
8564
9219
1712
3097
4747
2042
1085
615
9349
6205
1237
5023
9429
4884
5752
9306
7628
4061
3746
624
935
4744
425
7867
4115
7694
8494
7944
8202
979
7424
1803
6301
8809
2606
6498
4916
8090
9607
1882
9030
5829
3147
9774
3711
6333
3429
8440
266
8326
9237
3466
8230
4476
1439
9253
9870
4071
3210
3695
9591
4919
2651
8128
6495
1423
9431
516
7699
2
3072
6480
7156
4506
3419
1972
3427
2716
9704
3041
6730
6053
4236
8789
7095
7755
1639
8517
7307
7460
9542
2333
6540
1136
5694
749
4099
9388
5372
298
6673
897
5562
5204
1218
6262
3127
4876
6578
9252
8157
2078
9859
9144
7904
1918
4260
8731
6250
7928
5424
9625
5759
5835
8232
841
3452
4790
7120
8554
5318
2743
2136
6283
7632
2037
8094
5921
5913
332
7329
7653
8823
9173
4719
6487
595
3967
782
4627
319
221
2220
6494
6893
8271
4102
973
9074
6819
5676
7200
4878
1664
6743
5239
5686
5071
8319
1517
6019
1503
1184
6858
1844
5482
7826
4170
7161
4979
5388
9352
2877
974
7288
4155
676
1406
8070
8210
1039
4934
9094
8954
5354
8893
7639
2355
2932
6449
803
232
6185
3877
3292
8782
7261
6273
9633
6672
7903
3252
7484
4646
9722
8425
8915
8426
705
2082
4156
4885
9233
8493
556
2429
5210
1791
3737
6705
3409
4787
3875
5160
4617
5035
999
9663
8028
7075
3928
9341
9570
1113
7815
5747
3570
9995
3007
8749
8490
936
4539
3531
6560
2475
3749
972
2374
2615
3217
5900
8048
2751
4514
1970
8660
8943
8140
5695
6331
7422
9377
2291
6513
681
4393
7448
6070
8220
2592
6755
4949
226
9512
4324
5663
7134
4244
4181
620
1062
5152
1316
8790
318
5732
7152
204
4002
9458
8077
4294
124
9958
6310
8592
3768
3184
2767
8337
550
2568
6045
3540
787
4757
6911
6141
6589
1646
3338
3729
8602
8135
9266
8013
2318
7300
2488
7183
8185
2754
6022
1202
8654
6109
259
6880
2388
8263
6546
6829
9439
6481
4078
2370
263
3027
1996
9104
1227
2809
3625
9695
6296
4666
7768
4372
1776
6699
4223
3317
5386
2546
2577
4165
2951
2645
6233
9647
8015
5665
2977
8074
7194
4831
6910
4713
2260
1052
1364
1232
8677
363
106
3471
5820
3934
9485
360
1101
5811
3356
8462
4214
3631
7167
5291
242
5367
3530
6484
6642
7386
4576
5326
2941
9576
7128
3125
9888
8370
9015
2540
9604
4554
9484
1843
83
6577
2539
6134
8515
9487
8570
5560
9583
7278
4035
9063
7864
1042
7906
5189
6188
2197
9720
7255
1676
7403
156
2703
145
4798
6647
2505
1774
9567
1347
3594
5412
5585
9947
377
1980
3172
6715
8416
2327
7444
608
1702
813
5280
2890
9152
3826
3619
3751
1684
450
2052
201
212
4316
2317
5437
1130
4010
1948
4118
2441
2310
8550
8006
5865
2103
1057
9908
867
1564
4271
6970
1293
1521
3278
3437
207
4421
287
6290
5687
7669
9047
2253
573
8576
686
7872
456
7937
1412
4652
4963
2549
7144
7102
2306
2907
2834
5919
8879
2815
1929
3494
4760
5267
831
3632
7593
5760
6082
7061
367
4038
2469
5755
5927
568
3046
7317
8850
9479
4109
7590
5033
3165
8712
5423
696
8492
1832
2342
6127
372
6569
8870
480
6011
6319
2507
7997
1013
524
4227
3809
2823
639
2635
3635
4084
4511
8390
4049
1761
3786
7507
108
4427
8378
4383
4330
6946
723
8198
679
8401
7706
982
3238
6857
7294
5444
6860
9366
9916
2777
8710
2923
1779
5652
2377
7637
6023
1800
5619
6509
1700
3547
9378
1558
2431
2258
6217
7413
8025
7794
2490
3955
7875
7256
4113
278
2634
7965
9595
2780
5851
1872
446
6896
9637
6890
2552
8245
8031
3199
1117
6309
4685
726
1566
4373
1007
5434
3794
4928
2021
180
7861
8057
3468
2648
5180
2639
5814
2442
6229
7314
3355
7347
9235
2464
3597
324
7859
4968
776
6479
6197
2498
8368
3931
3509
8277
3772
5533
3194
9077
6632
7138
9502
9165
9788
3076
4956
7369
555
728
9441
3727
7367
5011
2513
2320
9481
1457
5638
4957
1878
8872
8900
8685
2905
674
3993
6563
2700
1302
4935
3651
1308
4639
7368
7455
8441
5828
9222
7048
7645
5219
2461
689
1605
7734
5384
9674
2968
58
1295
5095
8763
6536
2678
8087
4407
4813
3991
6522
7132
6999
888
5475
9531
2997
2240
5746
9333
6862
4720
3447
2919
374
7899
3583
7205
5868
8113
2867
9618
8329
9232
4413
5389
1416
2457
6554
864
5197
8908
5831
2135
7502
3989
7349
9935
7862
7982
7595
7677
3491
8197
7468
4868
7303
8389
7406
7362
8801
5817
2523
720
1127
5346
8246
8926
8650
1509
7512
2836
8241
3213
775
6104
8612
2976
5124
6123
8616
6798
9787
4954
6114
9686
7566
9413
6645
5275
5587
9803
8673
2434
8961
9302
9052
8682
2794
9023
7467
9584
9675
5137
9249
6320
7948
1590
472
3497
5167
2161
9749
3269
3812
7304
93
1876
7021
9418
497
6541
2732
7022
4613
9864
526
5551
6514
8073
4088
4765
9308
8145
4656
1824
9882
4268
3166
3645
3893
216
1916
8949
8698
9571
1899
9432
5609
4759
2294
289
7830
5524
9240
33
448
2509
1009
8734
5503
7417
4387
9220
1404
9460
8965
281
5606
9736
2231
3926
1192
8972
7673
3535
4565
592
2261
5883
8463
9127
3275
4766
2808
7415
572
1532
3241
4301
5882
9575
6954
3094
7163
5513
2724
1787
120
7782
1808
1978
5062
5504
282
6058
143
3913
5634
9785
9990
762
7258
1449
6872
2872
9544
8901
5936
5409
6990
5929
6627
5420
7956
6265
7177
6328
5188
3047
1610
569
1201
1835
9520
7087
1355
409
2378
8529
3240
498
144
1600
6601
7432
4772
9580
1380
786
5671
627
5938
4446
6400
6783
1722
2910
160
6352
6725
3976
3610
7363
8627
663
9694
1622
6427
3320
4737
1488
9263
3732
3843
5705
9940
2284
5711
1432
6376
6257
8029
2660
5834
5236
636
5870
6318
4563
5315
9927
5098
3592
1923
3177
2255
8696
8292
9270
2665
559
753
1868
8510
759
2204
5361
2131
1411
2512
6957
3725
4858
9482
4432
9510
4756
6576
3003
9079
6191
4114
5158
5720
6732
1927
8278
7885
4239
7083
3232
7738
4290
8455
9381
9750
7491
141
349
4396
3668
8330
3844
3853
4340
6519
9716
6105
9879
1705
122
2123
9466
9818
9465
301
1508
3885
9040
6408
7518
1904
9923
3693
9737
1058
548
449
7216
4291
9181
9825
8457
1350
1990
6210
8777
5584
4197
6119
4276
8812
8840
3126
1128
9706
4368
5005
7429
3801
2426
4922
3681
4006
707
2309
1238
4623
3456
702
4856
9823
8528
6832
5190
3460
8032
6579
5001
5286
6125
5466
3485
2328
9391
5741
5625
7527
563
6054
1758
9915
309
3840
6392
8575
5260
6508
8488
7579
2729
3538
7092
1941
8302
8928
8498
745
389
9727
148
7308
886
8707
4334
9655
992
7973
1953
9957
1544
6311
4503
9184
9227
8958
956
9838
9505
6380
3849
6469
6417
8628
4952
6641
9454
6462
6161
4341
977
6851
6969
7222
6698
8491
2193
9970
358
7337
8924
3741
517
2011
9383
1749
5222
8896
1579
3002
2275
9868
2698
5185
4998
7643
2522
4091
1739
3243
925
1634
214
8065
3758
7279
5112
8738
8062
3324
2534
5000
1921
2969
1173
369
7464
5653
9453
1962
3284
1071
3154
5009
4635
3226
932
8778
8495
9827
4867
8843
5981
5683
6958
1913
4160
9338
1549
1933
731
7251
1725
9582
3030
6542
9401
9579
1151
8817
5225
9508
8787
643
8555
7419
2758
5438
3858
8741
2640
3100
6239
2559
7732
4122
9757
8687
9926
1307
2814
4332
6098
6899
1932
8891
4382
7339
3001
337
9201
7808
8950
7000
6428
5400
417
9771
764
4264
7226
16
406
4735
2772
8842
2711
6175
133
1984
7153
3537
3536
623
915
8871
4900
3212
4371
558
2638
4782
6681
3566
8434
7443
9464
6034
3613
9258
6655
6559
2087
4622
1381
2305
9568
6731
1296
4973
1735
3235
3417
2889
808
7245
424
4777
6158
71
9665
179
1170
7775
9307
3788
5957
8810
9145
9247
4981
2179
8021
7614
3159
3888
9403
862
1937
8593
5100
9276
8967
2886
9174
222
6240
789
8487
9748
3663
3090
4304
4348
7475
7777
9930
4960
3815
9705
5105
794
295
1425
8826
1755
8092
4631
6501
4994
9162
7490
3042
2196
3636
6612
2062
5245
8432
2841
5433
3661
4129
4359
8222
9565
6539
1788
1138
4566
5792
4588
407
4386
3639
1687
940
1877
4363
6464
1845
6468
6000
3182
2805
4917
9332
1797
1167
8316
2912
3654
127
798
7908
9370
955
1701
1160
3300
1668
7366
9001
9285
7189
6724
128
8068
6177
2914
2395
7827
3465
8120
4909
9980
2697
8234
2097
6463
2853
3908
5891
2423
2588
826
8408
3157
6072
2973
1335
2006
2001
1963
6921
829
4993
3932
7783
1796
7353
4288
6609
872
9478
19
3721
1716
8676
5908
1731
1534
771
9109
4158
4801
5539
8622
7090
8755
2256
9897
7504
9000
2003
6521
9298
80
3197
3018
1054
78
4064
6870
8144
6293
6953
335
1108
4643
7262
2657
2356
3334
9070
1934
4929
7214
6864
7992
2359
5045
824
2152
3218
9406
9311
5761
4946
7625
9501
9148
8800
4888
162
7316
2965
4023
8402
247
3337
8608
4137
6063
4124
5698
6797
7331
3495
9912
2824
2379
7343
5431
3176
6617
5319
650
1097
3512
5550
9929
2369
5785
9193
5623
7053
4708
1365
6529
5756
3752
3028
2908
5166
5613
8165
7039
9941
7700
4752
4018
1651
7179
1187
2113
1667
1982
459
8991
6148
5342
648
8722
7988
1682
6368
9596
873
2846
9076
3297
8008
1827
3584
4059
9357
9304
3974
5221
2833
8822
3164
3272
3945
6350
9696
474
5523
8464
9019
1344
5530
4131
4830
5967
5058
8054
3407
8168
5150
7714
1642
6526
2898
715
1126
5717
600
4319
7967
1839
4649
552
8391
2447
2922
9622
6270
8201
6919
22
6349
2449
4159
1630
9878
6178
6287
110
8099
1545
6938
1112
4586
9703
6551
3371
4379
7405
2676
2195
2944
3475
961
7187
4601
5175
1647
2352
7539
9050
2933
6377
8693
7112
4172
3789
3720
2986
5852
2543
5282
5960
2462
2436
1820
2521
7543
5036
9711
6729
5890
1403
7803
2153
8171
8638
2061
1510
3903
5173
1369
3170
7272
7606
7492
9527
3321
5905
1879
1512
7355
4894
7770
170
4434
6809
2679
948
9808
1230
7610
6146
3274
6599
1418
9424
4257
3446
3493
2205
3691
1893
8129
5725
1748
1326
5738
6256
1888
2453
7
9402
9884
7687
2567
7219
4323
2627
7887
8033
9111
9046
7849
879
7036
9004
5801
7836
104
1354
8003
2667
39
6142
9372
5635
3470
551
6620
5505
7792
9405
3611
1221
6131
788
2143
2728
3624
7901
8521
6121
678
4521
7991
2949
5358
5069
8941
1487
6723
452
8282
2066
2712
7328
4171
3814
2251
5332
4195
1575
5344
7802
6263
8119
6504
890
7275
6130
6932
8225
397
4936
5391
3302
4430
7955
670
8242
2303
9719
7745
334
2141
3398
7381
4577
1853
5645
2725
9018
6712
1190
3835
7195
6779
978
7708
9440
8466
2763
769
7910
9676
821
7454
5751
6803
4039
4146
637
5942
6682
1
1174
5467
8253
5075
9062
2544
9799
3228
891
7914
5406
9033
8774
1332
4328
5215
2059
2127
3374
3099
9906
1619
2988
4805
4814
291
7626
1719
5387
7884
6198
968
420
6904
4501
7586
7633
7237
6234
4999
2952
9832
2126
1023
3067
5494
5178
2454
4057
6325
7911
2169
6949
8899
9945
3178
3222
5194
4686
283
5379
4958
6167
6702
5268
7019
6744
4410
1959
2801
4534
5802
8944
7456
2448
7218
2050
1220
9009
4544
8678
4
9770
4604
6993
1703
9143
847
2416
6768
7810
2733
6334
5104
4111
1717
5976
9216
390
1710
4699
4315
8034
4516
8297
8163
4351
6909
7585
2055
3883
7269
7681
3659
3637
7145
3336
997
4252
9511
9943
7863
7487
7845
441
2224
3548
9949
7264
1626
7396
3204
5203
3601
5656
9639
2742
4951
9624
9163
1125
8969
2646
8366
970
50
5666
9948
6330
2376
9896
6833
7078
8420
3152
6037
614
1069
1992
2174
5355
1775
1691
8742
4990
4079
8752
6406
3091
9578
7584
8051
1861
6339
6078
905
1388
9911
5407
9849
6243
1035
5604
1582
6841
4400
9356
8862
4108
5408
9860
586
6337
2471
577
2796
2173
4075
4824
3979
585
45
4543
3349
6901
2264
1183
6302
7634
738
7921
8971
6976
9717
836
7321
6157
7436
7478
4808
7790
8005
7537
1285
9151
4415
3841
2850
881
1078
9456
6297
3259
8226
6771
9155
1251
5809
830
72
6224
7907
2784
2624
7920
1090
9444
88
4640
8343
5495
9314
544
1284
8940
4628
5980
3343
8545
8878
134
9335
3339
1337
1897
7542
5547
4924
9234
8990
3261
205
815
2929
7979
4077
5640
1608
4991
9299
8456
1356
6865
2090
2112
5827
6775
692
6777
9743
6561
4140
7458
7451
1557
103
8892
2100
3941
1535
2532
4717
9141
1767
2717
6997
6221
9810
5451
288
6152
3830
3798
7147
5283
8468
2091
2200
8351
2578
617
1960
8889
1842
5181
2451
7879
8078
8672
7038
9318
378
4938
4513
685
54
3363
7924
2837
768
6028
9918
6144
6471
1438
4184
3115
5305
3362
8559
1591
909
8732
5952
4240
5559
2503
9778
1801
5565
7246
6619
5302
7301
7840
6365
2669
7842
3268
2361
5660
7159
3590
4424
5345
589
9985
4877
5082
4738
5419
6405
1859
4104
4050
4233
1490
7780
21
4855
6710
9125
2964
8427
7184
9168
1673
7230
1421
9784
3436
3266
7165
6656
7106
990
969
8395
8126
9636
757
4678
1352
8584
3717
7895
2307
6093
1736
4945
4764
4667
1402
9944
316
2864
1200
2254
8243
8107
5193
8750
7047
8103
4989
5074
5822
6582
9977
6868
8155
3438
9843
7070
9946
1444
3551
1198
3669
2088
3660
1674
2541
7753
9451
2501
7372
9257
5615
6757
4633
7631
115
5471
3038
1497
5958
5867
3878
4739
8053
739
8093
506
7098
1720
1135
3927
512
7173
6184
5712
5968
8952
2745
7093
465
1373
9224
7063
1489
7784
9816
8785
6279
7970
1437
8473
200
2329
7324
3083
7084
2335
6173
4451
2480
3939
3192
6118
6800
4377
5373
4689
8421
6030
638
5748
1430
4702
3424
6947
4892
5552
1156
1367
4842
6720
1124
2484
8821
483
7371
7930
9044
2188
246
7427
2234
5381
9712
6108
9156
1593
2983
9059
2984
5099
7295
140
9297
3179
8172
4869
6162
3904
5255
3890
3677
1850
3352
8793
4811
4779
554
2068
2295
7067
9414
3899
1321
5508
6001
9296
2641
5800
7240
2759
8922
7672
5991
695
7059
5120
889
3915
3114
2080
2762
6696
878
6285
1752
1516
1095
680
9146
7890
3912
6764
5540
2612
6437
1917
3141
2975
7589
48
8371
9928
777
4745
7806
1513
7847
7952
6748
5541
7400
264
666
3791
8002
7148
2481
346
8399
1020
5053
644
1771
9741
4552
2222
811
6758
706
7664
4477
6596
5762
7384
8146
5812
733
4321
9259
5566
5922
4839
6826
6623
4536
7108
6973
8309
8803
8295
7888
9096
9060
1027
5714
3202
3703
2360
2936
5380
1604
6562
9602
4619
236
1385
2901
6081
3887
5054
5816
8558
508
2621
1852
5534
4794
2689
4145
4651
6024
2515
7933
7203
70
6472
6671
6230
8442
164
6393
9480
1114
5450
5920
3808
1704
8019
203
5953
5311
5163
4287
3221
1240
1320
4625
350
5479
175
1815
2465
5230
1141
2323
401
1746
1037
7683
9988
8166
129
4850
5586
5729
8075
2967
6636
7959
3187
2673
4003
189
8147
6389
5212
2160
5977
8156
3283
3144
454
101
8523
852
4310
3189
4861
7546
2595
6065
7253
3162
4515
967
6075
3369
2383
4836
5654
5989
6913
296
515
427
584
3396
5582
9376
4196
2591
861
5621
6067
479
5368
4995
6390
2201
3113
1760
8695
691
3986
3023
9072
7521
5847
9641
6674
25
7129
9688
9590
3281
9411
4614
6878
8746
5779
5926
8124
2411
9515
3539
6822
4436
859
4221
3616
9794
2455
3713
2390
1656
582
3044
6557
9231
9956
7281
2647
8684
7642
9901
3556
5110
6763
4976
469
9061
3712
2391
9223
6941
8986
1709
5018
1282
7486
9763
7528
1810
428
8283
3559
7557
7192
1742
7442
7469
1325
9887
5312
9699
1382
2468
8933
2736
518
8236
9120
2249
6160
603
1573
7981
9054
5132
9725
85
6544
9814
3015
8430
5722
2182
2721
2151
7040
5041
4219
7509
9973
8248
3496
6018
4443
4248
2403
2346
2016
1424
7580
9526
7704
3591
9200
6425
1689
2495
2991
3740
7917
710
4020
4688
8728
4074
3477
7650
2245
6372
2148
8489
8474
9715
5123
8331
3145
3175
8873
9056
1391
8960
4660
17
4890
4117
727
6690
3884
423
5700
6200
8121
4106
8988
7787
8645
3095
3444
2855
2085
1525
3605
711
2798
8727
7470
2946
6292
9204
1204
1435
1175
2903
7119
9786
254
2176
430
1092
8776
5563
3587
6727
6026
9756
3248
2121
6802
8358
6084
6630
4581
7721
1580
2670
1637
5603
9543
5094
7554
2686
8130
6133
230
4896
6742
7984
1838
7972
5440
8805
4204
8313
5032
6208
1241
4100
9334
5472
3486
6885
5985
2718
4199
2120
1164
4169
7099
3546
1443
3856
5322
7285
6347
9783
5874
1523
2927
5216
4272
4194
2957
1609
161
6103
1274
3664
6351
92
4238
1270
4342
52
9613
3319
1597
7282
3790
1199
649
5808
4520
9305
7306
7685
2896
5846
6317
4249
9236
9117
7983
4875
411
661
1670
2140
6906
3260
1657
8596
1146
3710
5956
980
9907
1413
7037
7244
6876
818
3633
7538
626
9088
9284
2913
2741
5121
7804
1866
4267
8335
7660
500
273
2237
7918
7647
9090
255
5284
3440
5102
4578
2797
6869
5730
525
5858
8030
5962
1134
5554
8007
7014
9691
9005
4526
9343
2630
8353
1943
4429
5002
3058
539
7182
9342
2083
4562
1281
9024
196
8049
7709
4783
2499
4933
1511
3896
6982
2760
4086
783
7603
3503
3071
8252
4473
382
3385
9053
1750
7670
8412
4975
8955
2408
4828
3582
6080
1713
6095
5824
2493
6886
102
3527
7151
7136
1645
3889
9987
4283
7105
1287
1946
6937
1152
9028
5429
4701
2032
6015
1474
9523
3705
4207
243
7931
3353
3022
3938
1568
8369
714
1890
9581
4632
8480
612
6799
9100
9114
893
5129
1562
3555
7155
7641
976
6985
3298
9617
7494
1737
6132
4380
3532
537
6556
6637
3256
3706
2727
299
7002
8415
2596
6329
447
4778
9969
9012
519
571
6884
2023
1724
5055
2542
4986
1947
7421
5570
2270
8069
2653
7743
5589
5421
1051
2244
9603
4015
7868
7176
4269
9700
1869
8664
4472
5019
2347
9824
1991
2893
3504
8609
9293
2492
1110
2026
8765
1084
8186
9138
8816
4344
5314
876
4880
8285
4450
61
3400
6989
1973
3708
1245
5044
9129
2918
6451
2194
9991
2917
3864
9408
4362
8649
3552
6547
5689
4032
139
4610
2312
7737
3393
9782
4852
4587
5364
9920
3231
6049
5151
3581
3505
439
2570
3254
3780
7977
2102
8987
2520
1193
9672
1002
3335
9829
2349
7581
8178
1393
6402
3246
8137
5763
9765
9640
4060
3445
7663
5103
1212
5265
5292
8937
9666
8363
2948
7017
8098
8867
9103
1185
9942
2330
5022
1323
8154
596
8974
1265
9959
5183
126
5840
3698
8543
966
1400
809
4144
6438
8132
5955
5162
7370
6323
1522
6147
1304
4853
9398
4154
5650
495
3953
1502
7397
4404
1669
1559
7975
3439
7886
6572
858
3906
9384
7565
5588
7110
5593
328
5399
4668
9157
8768
3588
6199
9195
1275
6404
7172
9830
6852
1120
6458
9837
9690
647
7526
6530
4618
3253
1770
7798
5461
9186
6308
9132
2460
2315
8663
7974
4125
3981
546
3140
94
1374
2868
4279
3085
8541
2581
2365
1276
6021
6179
5796
6573
4797
306
4073
8085
2450
6433
2381
1498
147
7121
4054
5352
6272
7846
7341
4045
3614
1266
7813
7935
7109
5253
2497
928
9393
5806
8255
4043
1019
5321
5743
2187
3348
5787
7619
2111
6473
2242
4452
47
1572
9007
1587
395
5164
2707
6003
5453
8042
1495
4807
2972
3779
8355
2047
4800
8118
6381
3595
6027
55
244
7320
2071
6746
3271
1407
3807
9936
4833
206
1662
7940
9243
8701
3562
5636
5290
5906
6373
9180
991
2752
2637
1625
6268
7577
8973
2875
812
8978
520
393
6810
9658
4895
9351
2708
1870
1098
6346
4758
4840
8863
2827
1860
8957
7994
2405
5576
4295
3454
6861
6585
3499
4234
9212
616
2044
9525
1773
2937
380
7376
6835
4624
9885
1096
8249
9649
8122
719
6237
7524
3714
3696
5950
6859
9984
9205
4741
6295
3951
9746
8557
7835
2974
2036
4620
4507
3510
9653
8640
4716
6431
5843
4832
2920
1073
5308
2962
6117
9385
7476
2184
6769
5715
532
3995
2279
1697
1678
5207
2602
7514
8876
3557
7401
628
7869
5643
9427
6169
1920
9732
9475
3865
9821
6726
5795
3461
3724
3975
2375
7131
7395
7365
6332
4872
2617
7765
6709
9858
1177
1313
4969
6414
601
2863
274
8379
4418
6718
9644
7137
3960
3958
6590
6383
9780
4985
4367
9709
3848
8700
4862
1194
2799
3707
7224
5522
3219
5249
6441
3020
7122
2145
5745
6737
9353
9248
7387
9738
4361
2609
4365
6996
2217
5004
1569
2705
8692
3623
8644
2866
2795
7871
6945
658
5341
381
5198
5452
5546
1655
7446
1763
5148
4590
6364
4116
5718
9652
3502
4497
6223
5681
9953
2076
6025
1756
8475
2924
5317
9435
463
3778
4844
3089
5579
2628
6461
3372
9931
370
1340
6621
3285
9312
5042
1553
8831
9524
9495
1143
1818
4444
1046
5602
7993
7913
9474
4395
6039
3045
3874
3016
5678
8594
5850
3290
849
6412
1436
5526
1814
8240
340
7043
8398
838
8300
5783
6271
3121
5538
6138
9014
4675
4518
1856
7162
3280
1826
2622
8011
1336
6360
493
3331
8939
6361
5781
6925
4127
4481
770
123
5825
6
9608
3771
5484
3917
7592
1496
4977
6801
3827
2119
86
1785
9628
2292
5087
7011
2372
7007
6277
3765
6209
1733
3802
6424
1679
9597
7041
5184
5549
9758
8270
3699
4008
9828
1555
4273
6087
5177
981
1483
9375
4375
7074
5934
4478
4546
3360
351
924
7613
1386
4076
3650
9190
4498
4105
4347
5750
41
2389
8688
7793
9057
7654
9006
3655
5616
8815
9043
725
4728
1427
3803
5889
9932
4891
1966
9409
8975
863
9506
8717
7922
4905
3736
8702
2852
5933
2034
8108
1390
2276
3289
8855
6778
307
688
9963
9027
2038
6567
7428
9055
549
2267
2990
6614
884
2146
9051
553
5861
3572
7342
2566
6122
8194
4445
5371
3373
2537
591
4426
7270
3629
3692
5928
5655
540
7124
2407
6206
1551
5690
5975
6922
6143
8829
3315
5897
8446
9975
9437
3561
853
1690
8568
6284
3930
2928
8200
5172
4024
8577
8386
1652
7029
3414
8169
7582
3265
3942
315
3130
5218
581
3420
9324
5903
2811
673
3053
3569
8482
6326
8224
7377
9
5056
9172
8086
1087
7505
2404
2325
6701
9847
8791
8670
5618
3143
8993
5930
6974
8798
262
7360
3193
237
8123
4529
2803
7799
9535
6532
8193
5803
9845
7621
8289
3998
9183
1546
462
5651
9650
8781
8083
190
1319
611
1366
8623
3068
2229
132
1021
4226
3333
3035
167
5463
5893
1066
445
669
248
3129
8136
501
4681
9500
8983
8511
4027
7236
5662
3122
9289
7893
4657
3057
2439
4907
9035
3873
5157
1203
9069
2956
1663
926
7338
6106
8451
7466
4182
2154
7332
2854
5417
3092
1269
2382
5875
6042
502
9446
892
9892
1757
3957
2167
1975
5060
5877
4512
6056
3709
6622
7414
1181
4467
9229
6252
5447
4568
9315
700
1060
1581
8306
5243
3066
1105
8679
5591
989
9553
7196
2807
3895
1235
732
3087
8417
6750
7599
3375
9601
9682
3850
8338
2565
2402
6626
9924
4680
3216
468
5353
9494
9336
1264
7461
1584
2664
4602
4827
5558
1885
8964
3110
8082
3990
435
8548
1621
7929
6153
2012
2564
9300
6863
4253
9585
7212
4468
3075
4168
8639
6096
6002
9735
8276
6595
8861
27
3410
6094
3276
6180
3978
672
1262
6218
1040
5131
9881
4495
3963
7116
1249
3245
9142
6512
1047
8770
1730
6821
2311
1348
4329
9476
2297
2858
171
7601
73
9066
3944
8223
7760
9577
7990
7551
2487
1857
6213
9447
2838
5769
6939
4259
1871
9310
6426
2053
4206
7870
6110
8079
3103
2895
5279
4897
336
9498
545
146
9989
895
3267
9856
2334
436
1964
9322
2682
3239
3519
2663
5323
1644
464
653
8160
4561
8151
8127
8344
2701
4944
1896
2575
6633
7951
4216
6866
1802
1179
3032
8055
9913
3901
7284
484
9839
8751
2774
1603
3323
8513
7644
3870
8923
4818
1280
3500
7898
8689
7608
18
2340
1248
2226
9407
894
7380
4761
3118
2839
2209
2099
5351
1012
26
1005
7234
3306
3492
8656
7127
3747
6616
8056
2650
9534
7747
2341
802
9215
9894
5535
6586
4454
9327
860
7438
9900
3036
3918
4886
8886
7198
939
942
5866
310
4899
9360
4609
8897
6159
1442
8783
3956
1794
2485
4637
1061
7081
682
9812
5500
7204
5460
188
5664
4210
6403
1617
7891
9486
7065
9592
7050
2828
7064
8138
1570
5410
2692
5258
1793
8819
4883
3609
1588
8418
2934
2608
3563
3935
2412
6241
9191
4471
1952
5896
2322
6607
8580
4721
4947
671
5231
3422
9450
4139
5269
6950
3056
6531
1144
4550
3598
9400
2435
2486
6685
7125
6613
7511
3585
5608
1294
937
4912
6956
3040
2350
3517
9660
6083
7705
8953
835
5630
6662
8180
5818
8620
6511
8500
8305
6765
7536
1145
1328
3405
7135
5601
3898
4163
875
392
4555
5999
1585
2225
5473
880
7101
5770
7393
2199
3257
353
3108
7809
4299
8303
300
3161
8581
356
8027
7483
9039
2527
3237
4200
5728
7618
3019
4592
3381
2313
3234
3795
4754
1995
6214
9600
1837
238
6211
3472
1734
159
9176
4123
5090
2419
7781
6341
9045
1895
1811
665
9493
4788
5597
2386
240
3871
6043
7912
2125
3907
6960
9091
9097
8587
432
8196
7764
9574
8914
2636
8317
874
5040
1309
4918
7723
718
7698
2655
5235
7479
13
6029
7772
7833
4282
4815
8173
8385
8383
7416
1905
2654
6190
6439
9869
3784
2057
323
856
5287
1448
6640
7160
4416
8293
396
7722
5699
9445
6447
7088
4270
3813
8024
7746
9817
851
2163
1431
857
3069
6963
5480
6314
5028
6780
2177
311
3345
4381
100
1008
8795
5675
965
4422
3488
9467
2250
9877
2683
5310
514
5577
2400
5462
5119
413
8646
3498
9504
7359
7394
7354
4337
7449
8217
6875
6434
1225
9766
223
5455
1586
7113
6983
6948
1038
2221
2987
9022
4670
6485
9939
5196
3799
3652
3622
6115
7482
9455
4769
1747
850
2271
7656
6212
8780
1981
1341
3201
34
7824
5998
8736
929
6135
4022
3340
2463
8604
5501
5049
4548
3648
4205
81
1186
9545
9116
4864
2887
4097
1985
4967
5701
8320
9369
3774
9208
8859
6407
3937
9290
1003
8597
9745
9250
896
1649
1501
8814
8231
529
6900
2265
2511
5347
5168
9256
5574
5301
8125
5296
174
7143
1939
8629
485
1299
3389
6455
9532
5990
6796
9086
1123
270
4694
4634
2117
5791
5436
778
833
6032
1109
6688
4164
2980
2239
3054
4690
4849
5886
7702
9389
410
4464
7966
4094
2561
2157
2702
6050
37
4406
5273
7873
8310
8635
7032
9275
6934
3155
7434
1889
9871
3653
8947
1576
996
5179
4595
5502
1291
5107
4198
6457
3733
1031
9850
3773
819
2417
557
5085
2482
8159
444
7474
1074
9147
7866
9326
7010
6475
1727
3525
3207
5114
4599
4042
3755
4479
6871
2584
6961
1383
1102
3483
9853
877
9952
9011
8453
4189
4175
5719
5916
1018
7336
1665
7210
4775
9954
9490
7186
8000
4615
2851
6927
3088
3106
6625
8036
7571
9937
1910
6340
202
3346
4551
2172
8304
6898
8857
1082
6386
1214
8506
8
8653
1091
4654
5159
3359
4474
3206
6659
5066
7855
75
6793
7776
4412
4730
3842
7769
6881
6940
7996
6689
2926
4460
1680
2550
2816
6708
3433
7779
7562
313
4292
8895
8715
2116
5396
6773
5498
5932
9961
7686
3602
3081
5774
6964
1339
1828
3909
2338
7703
187
583
2302
2339
9965
9267
9762
5575
3999
1451
4364
8681
3861
1658
7858
8925
5983
7523
4791
8088
8251
8835
67
3397
9966
4358
9197
1072
2569
1342
7636
2557
6611
7030
6660
3489
2806
8538
6228
5025
4318
8637
5254
5895
3014
7756
998
7052
8605
8360
496
5393
5202
7439
1426
3004
7902
44
1068
6207
7020
1494
6670
3467
3006
7142
9170
10000
6845
7440
7763
7865
3800
6545
604
4642
3872
9934
7759
3911
2428
9225
1565
3112
4774
951
7713
9419
3286
7055
1455
4921
7024
1635